-656635
-190927
906928
-806021
789126
567897
716155
989577
813393
530941
907867
-642862
591068
-744766
259856
-574200
829422
302216
610589
965470
252583
-148074
-605104
410916
120132
-356141
69873
364844
-209305
-664717
769968
421901
732531
-275540
-859830
-180359
-945664
-262205
503128
-796017
-643307
-623086
-612514
382503
-628965
522044
-99388
-887214
277110
-561391
856458
265284
436233
653126
-533620
-308902
-667393
-949511
-742066
556173
582207
2969
538536
873422
-616513
-269343
652206
611667
-329747
-599577
-373368
-622962
285733
-693671
-41640
19596
-742916
537160
233080
-527221
335416
909515
-171153
-557658
721089
-963892
660809
-739961
841392
563704
342215
22037
995154
768051
593715
327838
920798
255281
460379
-496248
-918436
506020
913424
-534229
-767985
-45885
156281
-711097
718535
112506
-482511
147744
751433
972591
79793
-257617
-644874
-670301
-246633
-726008
-510395
441528
872757
264421
455044
811960
575863
818848
-481452
102899
743938
830059
633196
-520108
221366
345045
-379336
-356389
530432
37924
506665
632729
-213561
308936
242467
418575
-221352
-995975
631238
508487
-746754
-699278
411572
600365
568254
-630593
-200713
-695632
361595
848937
63881
995140
569432
-595135
507562
736036
304785
-747113
127798
-246686
275276
412699
-281076
4137
16029
-36401
-210742
-582737
606083
-659252
-86232
714339
-686277
-276354
-140472
-487525
-137906
-578013
887407
-779997
840302
-928587
314645
-657059
720192
747893
-380556
7083
717886
-296206
123279
-750555
881586
863693
-644370
522346
138254
-716650
-157472
-898832
-43371
-454018
-365079
-347648
-235457
-255565
619394
-237800
397389
495833
-828135
-583483
576055
-391982
128990
-267697
-991411
-855810
784153
-701673
967323
119627
-965221
369614
-519854
185667
489866
-926893
358671
792368
-224372
-312305
150264
769899
-696948
-325021
940661
383687
275036
399702
457695
-116084
314663
-523599
98544
-656460
63207
973594
852418
-778925
-126879
-526608
946971
176545
279199
459666
305222
-353823
-168260
24952
733552
30074
674269
-44024
408130
-202122
247496
544608
-581002
-153184
-175113
696237
863793
647207
-840686
-131967
720611
-357133
-847905
924057
720862
106229
735011
-141146
386248
314224
940458
-985315
-613978
-567096
693261
45796
310064
207881
610748
709376
-161565
-444706
338810
261714
2007
-296377
-316148
-449145
481163
-214492
-680988
-491134
-514113
722722
96759
303505
191497
684824
-334772
-878408
-859806
-67726
-624354
542999
582438
420950
910653
-427289
926532
-645144
888829
-830543
-311419
-315244
251640
260019
690208
414624
-59208
462582
692657
-597568
-681578
-122925
-399503
-700610
-660935
87005
383564
-714583
952646
-121018
763790
447311
-320270
-481565
453353
-449867
764776
-816668
346788
867037
-29189
597709
-455302
519790
-258643
126617
-536838
314942
-818235
-589631
568473
452529
109785
-262511
-193276
-280040
-644371
-382214
-307403
-57018
-105599
-331188
826242
86847
589293
-593401
-431671
940285
983056
-904624
479549
-914747
-692478
-325926
483256
945861
-518183
453549
655553
-499319
-720007
-229161
776017
-5383
821896
848911
-291255
-630158
251892
712845
-689497
265889
733926
-643430
-203040
-635271
234069
542094
410705
-652126
-222347
231506
-483946
-814996
260545
283223
884806
-644137
192593
-538184
-489284
661253
574046
-989756
612942
239398
980185
-19246
-95186
404410
-108726
-501590
-733067
398326
-464442
-802119
-510109
703339
-691493
166815
-211041
-473080
725405
676667
-915539
197855
581244
94035
241219
595614
44150
84116
-349353
-108003
139818
796969
530646
-19685
-274238
-876588
507519
424216
-136123
-595271
376722
-755435
633564
-295808
-990907
-201303
-83824
590302
321173
-623487
-85249
-808806
917421
792475
504036
791672
696560
-561487
-15999
943482
-694754
188739
137517
-995854
957870
-661568
-512126
-564901
248333
-499080
890429
366300
-873182
688273
209235
-525205
491472
-296277
552484
-321098
804055
-822467
-386901
879057
59106
7101
622239
-854397
969305
95151
142793
-160140
-951252
562830
-652457
932622
184762
572687
259197
-429577
780235
-458933
-78472
-68841
-576197
-477847
93146
713764
981198
-296358
746129
-670133
-357575
-922125
-870488
-119348
-200919
-211403
-222215
-875086
96917
326129
-70244
-203844
537779
505699
143275
768076
-77789
-724295
-886167
593166
-60034
-168365
-347532
202329
528122
-411309
793534
603971
-296015
172888
-249889
-340311
-143007
-531896
359798
210151
-477304
-436409
152263
-406982
-253791
692233
486966
-219752
-816913
-835104
-160875
955902
-386046
-756511
-42062
-792247
931905
-999634
-444424
620607
-964626
-289989
-674004
680700
284484
-632857
-455600
802480
-768924
271737
-836204
87499
-779895
-989599
869021
629796
956031
474275
542797
-341709
295920
249842
330798
-811011
491332
-901256
161181
600765
-494776
586367
901701
-35814
746138
-417466
28235
152024
487503
-140997
-701271
-382743
646603
-276931
-736198
412299
929478
-183354
-923835
-633824
-650436
9811
-712154
-815679
980827
35579
-750576
849506
-539804
-628576
360393
-771006
392650
166075
29609
580986
-750456
897960
221447
-158315
84917
886368
785950
686670
-429106
-60688
372378
761875
389365
-653480
994432
398528
-912888
817295
200374
-957385
-783752
-199050
359942
368803
872893
798740
-691958
316634
-326462
-408068
-266613
-448846
636266
867540
-138001
-579882
-954283
470477
-489313
-131171
-92648
-513392
-18726
-672448
-695030
660119
-974305
163325
747800
583418
425247
-532645
957356
665674
-887529
737098
-985545
-47818
-663799
869692
-797619
938730
843803
-252950
438316
-677419
-412105
-215523
875947
-619044
-271742
764935
628179
466935
507581
-317302
793676
615270
-478522
-155926
-713525
-361820
627764
309205
-832883
234081
-885351
271950
-872010
99416
626287
745754
711711
-176328
-564485
515857
-731705
776687
778428
490597
-534160
-360390
-226895
239056
-639473
-67455
-758494
617676
-408128
-818537
33900
-578855
595813
991535
-501634
54712
138179
675348
716281
97191
32059
698090
-884667
827160
-395262
779063
881222
6498
981899
-202693
-969979
863206
-905227
-147566
-671876
846487
-172133
-794856
-191599
-60262
681473
-635839
-176168
345918
115785
-507739
-596653
-346904
-420937
-264428
984588
934891
24178
-333315
394293
-318842
344630
-366778
476852
825949
339917
-562346
884402
-79096
-526185
263794
-396569
-181266
-548186
-420594
-327692
-289309
-623924
472334
-954243
566207
-825532
-777627
-613493
-521546
-749659
-725702
700190
-566368
-6591
763086
-285794
415120
-486235
-335143
-492633
-873232
191082
148947
-875724
-179889
305523
-923489
-820318
136246
319580
254544
92303
-918225
104197
-330527
810255
-658911
-506637
-82796
-132823
-423964
40939
-787706
600106
918607
660352
-659203
-811168
880856
-398670
904295
-446627
-114825
-897554
441498
-122202
-643735
-782819
512494
198094
-576270
-575151
804732
-956083
-493101
-91947
-332800
-111809
-85852
-993606
-33451
-371882
-453656
678381
684938
-527614
-60011
-154595
372344
470431
-933461
729367
924777
-199741
-479897
-293292
-51266
-952908
357577
940273
844500
481487
-453112
467680
-828137
159354
975606
-430739
-156792
351870
692724
996757
-276801
974580
-765876
781037
-191300
-865936
132054
351939
-62327
304188
-818462
355734
-911646
-81915
-280822
-103883
-80045
51136
-261202
311643
659598
-959651
-861568
-44865
-695494
-153524
-774825
-144117
-519063
-109992
129742
-791124
63157
-79849
972829
-490893
-71319
-891212
890764
-832298
-749985
92748
141614
-694810
-568254
-308991
887405
-323837
705996
-381664
909978
-826651
-937659
