635689
-433989
-589337
315050
-992487
750012
299164
-783402
-846980
173269
448220
-29958
-652340
313559
501727
-31224
-561990
-414258
-640137
363968
534403
537941
41532
948861
-699207
-280538
104057
-596483
394615
-838777
-160534
-620617
-215886
-533644
770526
-964457
432642
377548
-631386
-94573
-889663
314751
819034
-284531
-293109
-575970
-585480
438393
764390
-565085
-517915
-407463
-65179
-712931
-856556
28267
245423
344146
862589
291699
854438
-827490
-733032
313956
-225022
346247
444339
104698
-919945
214498
374966
-34203
253102
879167
-64911
490422
-810333
-570099
444224
529715
685260
-125790
-635035
654276
-675020
-477965
762943
751329
647729
-4617
689389
-470004
-453488
466718
56752
-790162
533270
518869
-974225
-535014
-747920
553083
-40653
301495
-981967
-775042
-202372
-630832
-905837
-731080
942777
-805825
276504
355352
-510985
967868
809505
-56729
-179037
-240516
151796
-561464
-639735
682327
365597
459619
-543519
719034
825314
-652478
-541553
-804897
-905940
-686854
519972
-902876
194520
414863
-235160
976138
-340707
371296
72502
965566
-122625
-521786
-568178
721173
202886
596012
509169
660821
454493
832100
403502
499705
129479
626664
343001
408937
-707334
-382242
-897510
-794702
243332
110944
329919
-476685
291228
-559291
497190
-457365
-681701
-690585
-37802
-568107
-615651
524403
353240
-25050
677314
669415
100430
-347239
965053
-455650
442578
-757115
-944155
-235441
58785
101760
-424507
-111435
-983215
811038
876887
-971327
795124
923898
-682032
817830
51520
-155169
-230059
-624021
637011
-578754
411858
809310
-170501
-749902
280135
326015
514592
-999180
127604
-159412
-666587
-754866
967840
507100
-548867
-886731
829884
-369040
349953
700549
216408
219151
609483
145329
-330350
509602
544524
-225336
-900137
-165451
-865461
-186416
243293
-781388
252575
705450
667229
279132
972529
-13628
833045
454118
-700085
-297654
102682
-366230
939456
945917
480361
-893668
816007
681314
611235
217406
-160659
375270
36246
709451
266212
-717133
974745
733484
972578
310870
-211879
858080
-577136
841176
972049
-35509
-499399
-706382
922461
-402129
-107226
24602
969705
-201306
655886
-592599
808189
861229
522581
-927835
519825
-484863
508607
967205
598738
-26321
255449
-236848
41537
-3810
776245
-438464
701683
468805
-795674
-72371
94064
-632945
582656
319625
151520
-827139
631162
619452
518093
346720
802560
-495953
722133
874857
-78672
444478
339148
-797627
283417
-549022
-456189
167329
-849123
-726809
-867070
664732
-193292
-718442
-841701
-632139
-317427
748783
-902172
-712888
-84844
-975779
140184
-331499
326080
551725
684699
133502
-633624
-863562
338972
-947794
-185876
295787
-708230
-802595
701091
-612009
200832
-8395
-626129
-215975
-272527
-382200
155919
-928822
-615533
-205178
792053
1112
-157175
-576534
432845
254860
763486
-606726
446093
-93677
-918307
-161931
913906
-447264
490796
-461910
527179
-783096
-421696
-692092
455589
-447596
122772
540137
268617
145708
869295
923596
-772954
91680
56488
862586
32462
-168016
-542604
-647466
947814
638970
-520881
300174
-877223
888872
655612
-763583
-252940
-213707
-571417
-327676
-354590
-696462
461260
-73293
-271335
-547810
-847752
-266792
13873
-817091
-246688
-179306
-530642
115795
-91692
629150
442102
851955
-746151
680617
-163648
934039
-159383
-392996
-419250
341977
-556742
90822
-743494
-189789
843275
-187274
-828500
976192
-180181
105509
-517901
779161
-206135
654968
590583
522206
-430741
-547493
-589907
-827289
-59565
533587
-104178
156885
67554
-382530
-205667
-526435
300803
-717195
-835040
669188
-260861
-663081
-989362
373483
-903319
534006
-171006
652066
-652969
-723621
412250
-891526
592008
593569
2316
-384780
12098
-174224
178802
-361176
536008
584430
135577
47137
332923
-371764
-25176
-142912
-600542
624895
421241
-898332
-467400
-767709
449790
-585711
363986
-542395
970033
760641
-588571
402523
921839
-118568
-479987
371366
-299310
131559
152314
-211916
90585
-996843
615252
575886
-378240
609291
-596638
590365
-532109
-989756
-102012
533446
870623
-497245
695528
720681
-365357
-676781
990699
-82340
86764
-370734
352071
780214
-467349
820325
433690
47264
-189842
-971050
-290757
-894452
-952689
376761
-364285
-889125
-374196
534581
626525
-120713
-992674
819085
-458129
857787
-425796
-985526
297034
-469776
-163986
-607368
-474280
755385
636654
215377
-526220
-919882
348713
-833398
116580
-851926
-500415
-826159
74798
-229677
-86810
526071
182141
469728
79256
-383477
389698
-352570
-467136
-266704
-10117
-650001
-273958
-962096
119473
-126412
882789
-123514
937593
696779
-95945
725264
-598311
190529
-987753
330260
357866
80699
582764
242458
-455775
-898517
-35951
641731
800826
712743
-60135
296149
663074
-888547
21655
-235342
42284
62749
505610
-407184
617597
-919665
109748
-331818
-851154
531620
-139583
-861824
-592725
-292963
-647190
363720
-277916
-682459
-633508
-792730
-682250
949249
949642
-779544
94568
666083
238978
-885008
308158
-212546
594682
788707
698147
-518770
-971265
392611
-8304
-449189
-111260
-420958
510353
3536
-633666
590196
303295
400870
-361113
300049
-484195
607544
-295485
429141
-761873
-952652
-77963
82492
553593
-207367
67808
486444
478431
485512
-374932
-238681
-841441
-749091
-464891
-668370
-937565
473453
691162
283959
-297111
196058
552347
-402265
-796713
97922
136149
955128
344326
567207
970894
-245234
845752
-441164
-377479
960953
-883284
641901
-840979
623749
864845
-413405
-547650
686696
-135058
997040
-12479
-221247
363906
-820087
-229516
378931
67648
232709
-905602
-582325
827430
337988
94159
-87351
-535912
314448
209316
-259339
-255271
-773706
-806416
981655
-354972
444574
-288950
459306
-214223
-88438
-611680
257391
-53581
-139531
733145
-510956
-42911
-886321
500971
358983
-530867
901828
-613090
471302
170170
-221567
-512894
701047
347472
927831
-459275
58495
279072
721021
244055
632359
-246391
-604199
399704
31767
330760
815017
6775
568322
523165
912628
-906375
-591954
405666
813846
677202
-98541
-827472
687909
324785
-212179
-435426
31576
368743
-394916
140253
446136
478712
-947861
481442
241552
781365
-938686
-150668
-702586
-380835
171416
-652567
-980676
-934970
454784
-84680
-653002
-715623
624750
487915
-510965
16147
-343044
598719
989409
-343293
448894
488014
41087
446318
556057
-36070
-512553
-865906
-635173
-653108
-807587
-343391
582788
-785419
403142
-153768
736608
-493219
506318
995212
189435
-134810
161328
360046
-409149
944787
-804746
194898
-78179
385542
247809
268759
781239
284538
-673436
-823133
-590082
521705
-309159
-102769
864883
805901
825123
-748805
691806
738246
-944166
-432353
-151206
97207
-128090
-176878
576956
484075
-477803
-938927
628473
95811
315660
618578
388837
653341
-381690
-451731
190322
-78147
-80970
-441951
829542
-565275
-230985
-823659
-588808
246226
-538005
839026
-655321
439293
-745593
178354
389363
-158027
276970
554357
113057
405739
-406574
-998846
307273
-613378
904369
-539040
-548147
839261
-91300
-420962
-207745
-550389
-334316
-704653
244041
-728580
988541
-507792
475410
-967536
75180
-918959
-872110
-10998
-628123
523790
-667947
20974
966427
-485266
-714288
-510564
647410
-698373
-739787
612059
-604118
475409
119252
-356715
821603
929813
636163
937072
752028
-334953
-125237
76503
157336
896078
-114491
14311
507245
932087
89804
841077
186867
-193781
967760
-685452
-10342
587510
58410
-276616
-391520
-941074
744330
-798274
-605388
755219
911454
-970011
952921
780685
671602
-75477
232496
171164
-566425
-108511
-719608
-679912
178565
-634107
954322
-291928
-893186
664852
-285777
13894
-90080
358494
-413910
982255
-440010
-708103
266699
-599023
396021
724813
-379508
274654
505872
-338615
708402
-246951
-567241
686881
640916
553414
846030
375766
-317665
-693351
771960
191956
-121308
302306
33266
453126
47511
607654
11819
940041
-965491
-1183
-576950
801007
-937939
-480968
-84968
274221
36398
-727023
665653
930028
-507147
30641
-965055
-772572
468599
-631405
930204
479629
859665
-130233
-473675
747608
-964647
722231
647132
801991
-596812
215347
363955
9364
898842
277436
320804
831492
-888338
415523
-652850
-894655
-207829
757944
-382955
132264
-648702
-580504
-487844
-252335
743231
-324564
986078
991603
-799663
-192021
820879
587439
279940
-554875
745229
965056
451679
-679852
-782989
31060
557248
262402
-68182
54403
-137786
667129
-964430
-376989
-98357
297736
848489
-108898
895039
-658618
-37169
-560824
-807595
261640
-81124
-568514
292159
69907
827510
577616
192033
946302
333838
936487
137122
-966005
813955
213734
-283474
-728040
741849
491894
4234
646623
742477
397598
124262
174393
2100
-608211
619639
554687
666811
13372
327250
798043
877738
235746
-918969
57501
8415
44900
-882277
-261337
72764
-871731
-592815
265782
-923726
-702967
-759716
858569
-262962
217317
480848
-443040
952819
412932
-237595
-773077
-6
605903
917489
-649085
-249762
809247
-284533
-929595
480442
698335
597674
-731950
-773152
867382
-445617
606967
-644057
658652
-229737
370630
270766
-377304
528801
-775175
-323973
318298
-427599
-510909
-273860
135971
622244
267498
-755861
-532629
-105365
412152
-414782
-685407
953886
849959
-527959
719604
-196860
-772941
-848751
-905194
253877
-772510
779241
-61921
-432903
-340681
918238
289298
-522488
-664955
-651917
787301
-94611
-518605
-399021
530686
-501755
-692945
323233
538326
17086
554443
-606750
-247637
-69584
787495
-65239
-720476
567841
-283611
977335
-455836
584914
484127
-741059
-459053
413506
-807174
355036
274268
981511
-82680
-608134
-530239
-364504
-645635
-364901
348081
735302
381888
959292
147590
17022
-509391
417308
-930573
294362
493224
-118708
-868943
-633102
-899055
333282
224335
-325190
904564
-442967
872813
-830248
-406922
111866
-494701
773255
262983
-260370
-711758
637494
-586851
590405
-166401
-867373
-885994
-934377
-772002
-617848
912117
221003
-563864
-568929
-926945
930863
219197
519620
-536875
519932
791645
-276607
-9043
-543465
-10748
228243
-514606
-702466
-636001
-329498
864370
43549
-911860
881968
-964817
-513862
-534817
285451
551377
122538
491218
-149583
-696903
221517
-631257
512734
-422494
-68434
772040
-426243
942245
107746
157143
135545
813917
759509
-235431
-37905
186579
231048
-526750
-144385
-755198
-911290
-637305
-539875
-331650
501397
700382
-775346
408101
-796662
-375766
-20685
-510248
316206
12841
-786772
300311
-643437
361771
314629
-825322
850536
-550304
525337
620180
689468
937478
-812453
-489222
-141994
115758
-767562
-178548
-648935
980036
-703316
985559
-391862
-607995
-594173
743703
822547
689452
813410
-99621
523364
-347389
59274
-939211
-359189
-506685
607983
-305686
-936019
682521
-686803
785020
-856250
980645
422602
-518250
656455
888012
356639
405294
-458130
-728659
-31473
-862359
680809
-822603
-56462
716608
-166135
89277
717759
-436019
-664324
864771
-844200
499992
447674
-162278
890303
-193823
-861093
-325122
459579
543074
937179
961837
239321
-799635
-963414
-946743
-295303
317172
-653964
802491
-179209
238246
-764028
-988249
738534
-490585
432645
882963
868340
442775
-407591
-416461
22463
-330244
-857914
38826
963706
404078
-891890
218985
950084
4052
40966
-315078
-444265
409468
-660462
-157284
-813906
162079
-530352
-584318
265730
570865
312965
-975045
-596667
-769704
183869
-433447
-647023
76842
-577402
-451537
-607420
-617388
691208
-917866
-574744
200242
-768280
824648
599790
-518
508179
59418
335361
-947655
-777818
182350
-698988
170208
994604
-753793
-473950
-515837
-319755
-873740
948242
-863087
360659
-724348
87790
515077
504715
-625849
209871
-76499
510051
137353
716495
862460
-268844
578110
-753316
-78339
521580
872682
-576513
132690
297874
-959782
553517
-614464
443325
17083
501633
-477136
379017
-811365
-982670
513694
577007
-791048
-812789
-374398
753355
-78995
-360015
102513
746738
-764462
11216
646234
772260
-936704
-828398
-883530
755194
934514
-127788
729983
-532145
-483983
-924144
-846047
-924
257498
-842521
-622342
780612
666050
885934
-490707
133728
-585730
-689648
-467286
-976769
-43368
-774850
-898408
198903
-142930
792012
-636831
536158
-723087
-169808
-925546
-947436
400360
-707183
753382
118045
-166426
-450498
-240849
905309
704849
673561
-787398
214607
-804028
83866
-970139
-275093
990754
133295
-295584
101274
-67614
757950
-269329
625251
382763
-225995
671550
-162642
-470598
558764
-38266
-137264
427732
-837221
295670
386176
725992
974715
-782575
710478
-946163
-256097
-475585
-495919
-472273
172787
-885531
601812
224191
944251
547015
-56529
823829
-105944
-801252
899451
-509267
39664
282373
396299
370738
764485
118923
114007
39459
-981409
490530
363268
403905
187122
-65861
-978335
-634974
-57657
-397969
805919
79306
217823
-209884
-251169
-236624
-687812
114495
561349
399170
-396121
537424
482425
-850304
-831176
539199
-177862
-292821
709725
-518389
-60342
995271
-135964
-967178
684687
-530999
-613533
-789662
559981
37008
407150
-258822
-308238
-317594
-752560
-523518
-519704
2675
-161115
559989
-475283
453328
-750612
790153
-314556
-200596
727717
-116800
768022
504292
752818
-68465
-73950
-545791
-470720
794135
891052
-525884
-353565
630950
-462336
-25884
303069
-978161
431639
109617
-905841
-54883
-226093
-989725
10284
-663966
-486542
-750140
-347044
815649
66868
864688
-248394
-329594
-677131
-844093
929921
318440
374491
-796834
920428
651609
257094
317845
-669757
336836
-625709
916233
-606214
499270
233306
197788
981794
-978689
-20261
-533118
-239321
-598028
-763071
-779683
-470461
973884
358799
-59322
746945
-218673
547523
329049
-232020
102515
-617359
69165
628027
172775
990449
798396
221168
-164835
61397
755708
9266
-757343
5894
821050
-387633
-875293
-853348
587315
-872005
-688991
-511474
648078
526136
434406
-390356
474318
-351951
-548746
-796417
7537
289331
20838
700723
48598
-351894
-768288
750592
-603950
-799206
-777431
928211
165984
629519
-876289
789165
521190
-407553
-350889
-470495
29215
-736425
86200
-73233
877804
-717420
450337
640151
-500178
120296
-887192
-761707
-867772
295460
-339214
-778443
66206
-972843
-315221
-697505
691980
274778
-280393
-480566
-595669
-559939
256751
-427403
-888982
-139527
481184
-191574
113143
169801
-586068
680562
11751
179926
902939
704898
98201
-523796
470237
587585
63935
615797
-153617
656062
-367513
477004
633014
-301747
814615
-373437
790305
611440
345165
122329
741902
615289
-584995
636269
-145629
406042
329543
-643249
157021
-321741
-127299
120806
110297
-865531
-80710
104655
-520724
840155
951578
934313
-955469
-389165
889794
621620
-181007
497013
-180280
-30408
-200851
-849250
-201007
-954973
-481822
-512209
-244290
-659056
-529976
410688
956519
-247653
-719781
-577498
380695
477547
60829
245113
-896833
-761779
745722
-115564
-688010
-460041
515309
-145305
655085
-550721
68127
140139
-281007
-207171
802383
-150055
777698
-116942
454337
-353313
345635
770554
-107533
-129289
-619947
-690608
-766617
624881
-706274
-428244
390401
378585
-879080
-914732
-110477
-202669
456187
572454
-251602
-344449
