-561624
391396
-996189
-363675
389274
-55355
-319813
-822474
-711276
-486367
-348690
7646
-307510
-979291
470517
601236
-326493
-480431
-222456
-459877
945715
-34262
-740327
943494
-310327
223733
356466
-49193
438892
966922
813037
-493938
-603322
-129597
853287
-826533
-542382
-204758
183216
-394495
420681
-249360
806441
812792
401925
11280
-272251
-387095
-408443
661719
-529823
-250746
246629
775622
-146628
720350
693066
416716
-339147
-548268
-15617
884795
-279816
315704
88531
681294
-720150
-768299
81570
192494
-931930
863488
-82533
-324817
269820
125939
319900
368625
-442767
-68143
-191944
-350122
-281116
550413
754697
-721868
910892
32407
63971
-968745
785773
582755
-903156
-546986
500184
-746317
64358
-138770
486590
-922419
-260996
-315147
348860
-859696
893920
-145601
703724
956268
-475331
-610799
987946
-833662
-857462
592499
591703
-969796
-853460
495993
-863030
66403
-108134
-349963
601314
799712
680093
574963
-345785
-289321
355878
-621500
-214416
475648
540829
777418
-759681
-450599
448325
-197799
55351
146345
466167
-673161
-365025
-438054
-612163
554315
-319806
634448
-768538
-630817
-79466
400661
-142510
188837
-532801
805440
-547993
294027
-387388
384677
-888985
-930026
-584187
352119
776462
164639
676611
-64483
479251
937282
223003
355232
-851793
-96500
986311
559959
-488926
758549
-824241
565042
122284
-705681
957851
-837395
-820603
507064
342364
-849008
-130837
192714
-255112
-838466
411580
462358
-46990
602451
738172
992184
-313807
-878194
-880866
52819
-564823
422808
114828
-830555
-949729
-206709
21919
-109454
-832850
984643
816974
892280
130649
-6353
-577798
512726
323839
-760884
-859614
365541
845880
37534
-929763
-471135
332037
-823093
-615067
153572
973563
-217850
-739554
147045
15043
829264
547119
-150456
-950173
-336921
902876
-588371
284054
714360
203544
937786
-931841
884367
31206
-341219
-769202
370817
840511
-904548
19806
226234
238765
582858
-810500
614238
-490723
143546
-583804
865932
564532
444182
890021
-558064
-938436
899235
717741
-578947
817991
354362
-155962
-555953
-222298
-835770
-791895
-339762
-225762
651055
844404
197034
-97915
-19177
229652
-55025
-810868
190042
69562
-170928
795539
487708
976464
-963769
92721
-240891
-83188
-145476
797122
-109260
-695209
-952455
-187272
775738
-568519
874390
825924
-71432
362576
188871
-448581
-378308
813108
86529
782938
-872227
-42359
611143
815480
884968
641678
955933
13950
264289
916962
777842
582911
-305890
497829
834174
845701
651477
185639
-357028
-843057
593017
-603880
-894596
-775269
430743
-798619
-851480
-927651
-900265
196256
-333536
-549669
495002
814621
423629
-148925
-501182
-956110
-928893
-74714
-513880
923087
-595230
-464724
-489815
847203
954337
-954511
-759782
19658
837714
986462
996061
-615309
-172121
506035
-575151
-295638
-781522
864549
604576
218970
582694
386911
328324
-124226
-773671
299447
766595
13079
213335
631756
-648271
-912064
677655
258452
-716800
-93434
561153
-441151
-791238
188859
180611
200247
-951611
18420
567445
666841
843399
866866
613875
-81239
211822
355189
880823
784329
-54285
-971702
617616
862397
671816
562167
801285
187974
-705741
-750578
-514830
-109758
203334
896468
-601568
-593966
167592
405425
39309
-371987
-799366
573540
-542341
-417112
-476555
-342916
-318486
588958
-52426
980063
-571004
629879
-474463
725305
-45731
506343
417600
-835297
149599
385008
-621177
290429
-188624
448755
538468
110104
976439
165525
-271648
-823568
532329
-666244
527210
511073
-428243
-596929
376568
376457
-655596
-628344
-722921
-615271
-91552
525650
-987560
-266478
258273
-89957
145786
-880535
-22847
-342396
-378795
-826587
-744214
-544391
-377162
481464
56028
-492282
422181
362055
-690530
658095
-694419
-964208
535277
237265
346039
974132
-416581
-955072
781350
-262558
-155788
605089
-793260
-604510
-450355
814328
966703
566913
-397323
-948564
158912
-361639
995011
704216
10672
-606586
-669093
710445
-377861
467063
-701772
-412191
514212
544009
-251033
2284
831098
-853922
-206682
605554
-10842
731386
-306830
-587596
-521123
-773329
839331
-912134
412083
-913001
-33753
202957
-331739
-732191
983024
-623465
554867
-245396
-301882
-12963
-544470
-783517
-137553
80028
-355135
-344049
-261429
756865
254700
-702043
631034
109154
409828
834756
846037
-345301
-864043
430752
-799859
-467525
-953968
-469475
976032
-725789
-183272
687060
703308
-343665
-419417
-606053
-988764
-299382
-337672
344591
279927
-391178
301676
865887
-987470
-236378
522373
-977761
861303
-788452
465089
-601586
140695
-139075
642369
183087
787426
342352
541670
863084
701631
-287122
-698743
51825
-72330
-63998
620564
-32527
-758083
-791749
-921490
360200
-127692
-130702
624537
181625
753041
612586
-170327
727778
717368
-611301
-227783
-321703
218361
-634922
-984178
-82774
18659
-158112
-414196
776703
469792
845328
857110
19928
305692
-742895
-921576
97693
587150
-62389
852115
781994
978852
129843
-604136
598943
431486
-353528
228821
201140
768817
-689935
56890
-421236
331957
-253681
719383
-460505
-58000
866733
-500623
540759
542891
-871366
377772
145342
-303915
773371
-386358
-990937
17522
-559162
639939
-88385
463341
-937590
-701455
-21695
-52332
-480830
818155
-702217
936400
-279205
-838325
5539
655730
519389
-987158
468703
-714495
466940
-287505
551068
-674653
-243489
-556961
438897
606659
-997892
-932260
9501
-274653
321852
249491
-787583
-88699
333183
874757
-951694
-416207
502004
-138851
-510216
3735
-184977
-724658
424450
486035
645554
721587
911543
-134166
180317
-596807
-785602
-468099
654999
-761257
898085
139655
568701
878485
-199450
-717515
436492
339968
-598237
408153
810205
200667
499365
7282
-454576
335149
646917
402138
-385574
380411
-209228
-501579
-175577
27290
711996
664429
112980
814727
-56467
338182
899142
-195395
834824
881553
-534747
479797
-775744
-13997
-801573
106392
642215
-885424
116461
-566791
739009
136336
-643107
-166591
525817
773365
455607
-221610
813925
135528
-315666
2612
136444
198940
380910
926496
904409
470851
-13982
173877
-122522
172455
77689
-404823
-691337
917269
-748188
325345
-211819
-439946
989606
683353
775192
830959
655416
78438
372170
-879017
-240823
-302427
694313
471261
336030
24364
239744
-555187
811956
674425
310725
-416933
907837
-99530
-355828
-598382
889801
-405705
-760750
-959258
-578502
186377
208444
-634620
-541833
-151210
87902
7415
700270
-212513
344132
606586
590055
565855
-740718
-860537
-557884
-623165
865849
554811
-911199
-428527
984377
7731
-450899
-856010
957989
-381607
225963
872134
513530
574569
466776
-106907
-948072
111442
-442600
373543
-733152
-220066
98177
834206
413654
621561
280882
12612
-339698
-899162
17743
516362
412327
-538244
-582115
550010
-964814
-731053
-409277
161705
998393
512903
294067
-777064
107333
-98404
-316932
163335
52131
637880
-698261
198233
-374043
948327
236636
-586421
-141757
183109
-498250
331621
961857
-164275
-71743
-545128
590463
-616013
612951
195689
900974
-616317
136197
-559502
-824206
395605
-463304
-950669
-590002
-327085
229135
468120
-931044
-194259
-649769
-976631
366529
666793
364998
-525
-523976
-459848
-774522
848476
-641847
396261
152150
-440018
711347
142762
417034
263547
432936
32929
998988
551993
-227089
-374706
122918
290140
440428
-576411
738777
909041
-755459
-912017
192482
-46547
-5714
-859423
978465
187367
-571405
-62160
-90218
-82966
108072
285236
860973
-953636
-892077
794907
-5840
171549
-787110
-395326
531839
-386368
-952729
153107
109375
471243
-147773
-568793
209475
202124
723632
734769
-132290
106266
344544
-742396
-48457
-678990
866309
859851
-493689
437889
-943261
-421320
634205
735729
-754602
987516
-114523
-599287
619188
664051
924064
596177
-363428
798684
-961149
-927369
-831257
880213
-279102
492783
559616
-983403
253969
165329
-524018
445199
-24226
818912
301292
738668
-612148
-998946
535912
-362326
-1030
-482054
-478026
77026
-293869
-734301
-294699
-41403
70083
-680164
480592
45632
189125
620248
-435401
811170
725899
752474
-496095
-558025
378553
-75821
889219
349316
478801
198138
-16754
-765763
-232770
34667
37306
-537771
-252927
572172
-774973
-258253
-877008
-259089
-846774
-37674
-43096
408731
669970
-990705
741942
-913080
-634275
839782
156049
461211
592299
569873
-982311
-723262
103487
-693340
-331461
-860683
-759936
-399161
749793
-285108
-168564
382484
-56795
540543
-720601
-556960
284110
-246869
744570
-848764
405440
617736
44348
-152000
560697
893435
-275423
-698814
388341
-324275
392770
787302
-537204
182325
-734583
479575
94229
145100
-683365
-103962
-949307
-783506
469584
-658336
-960075
-726404
857234
484071
-898842
-493300
143884
-444637
-692574
-104879
-336548
-189558
-688875
-85188
592291
263695
918460
785387
-25604
-648457
577479
-22453
911482
-291618
-989010
255929
-251771
-104266
-363075
414936
848244
-151765
719700
546422
24990
28892
-693924
88660
-905582
-644351
387860
-135098
733995
-853993
787880
-521262
-74874
653911
-332554
853152
-460857
-690480
96174
788630
-197260
368864
-770336
113700
318422
785599
318642
-302517
92587
-939819
-954785
-722389
242052
-859317
-850933
79674
-809356
554719
983745
-135373
-770466
-60040
-20425
487667
750178
297236
523078
202973
616460
490856
-94616
-628896
892592
-358333
96118
638755
50102
623427
-88183
-613783
557825
792221
354625
758715
-77465
454871
8435
-476199
512530
-774603
475424
466777
732517
-206169
782523
236588
678345
-550996
415091
-441094
-447859
-929836
-311036
-382934
80756
927207
-544043
641047
-154047
-569690
-940601
843358
-1283
78071
996821
80097
-799803
77906
-303673
-189396
-787142
-900434
920843
-856980
924113
-88783
-397916
-478446
860329
28160
866192
-708324
-366437
-790187
374399
113862
675786
940720
-576757
-888594
-735821
280819
959994
-931005
992646
790421
-613174
-365367
-789605
512649
473147
-487093
-624540
-605224
-260817
-538373
71649
346021
-541565
663023
-523162
83821
124586
72095
212285
-596461
110068
-413530
18669
-746493
-504942
564620
151069
796748
-799022
-506740
576135
-461707
-636580
-992121
-157887
-462498
-14234
-200296
881789
-532917
626885
-876237
367687
-326025
845662
-993068
139231
516932
430272
653399
-577937
887372
804463
801856
834652
491915
-981656
730568
-994973
884897
675998
365845
-472695
234920
-235664
544468
719385
805690
297958
-657888
-280092
957858
199035
-354205
-561067
-710112
878292
512630
-29375
-812070
-551147
341933
827072
886473
312133
-8692
-503501
-64538
-740260
-687999
-308486
94197
279212
-173067
845027
610814
69497
352453
50172
143749
727423
326595
318561
286784
817168
-157358
-73499
-547964
-318493
-35205
539708
-59937
715106
-568982
192722
194867
-212669
-26995
-44975
234826
-15823
-1481
162683
-70501
-891882
-481083
-275897
-138336
114783
-800435
382821
-724505
698800
777169
-829952
-890881
-518257
-447660
-510045
960379
-509119
577724
-806028
262031
225374
-472703
-992600
984702
-786047
18973
-884876
-460773
585395
-566456
609199
139000
-83219
249758
-935841
698041
-790276
566976
-744903
495530
-402949
-273283
574744
897450
-41658
477365
-585745
-939769
118809
461246
353314
507318
455697
-474449
489663
-744339
813392
291392
536702
879370
-992488
-283073
988699
457469
-210444
822388
-204886
-164773
899074
-792747
200098
604983
330029
262872
775045
686535
-773025
-737252
-575078
524269
104856
-719275
-962635
-781953
-631382
-488942
-6329
-456178
189997
-407679
553106
55775
266173
-769181
-750525
-780211
-239535
713113
-132284
708302
-714392
-47872
126871
-164666
637657
51799
645837
-975444
-442218
-108833
-189713
-965790
216612
-681642
867274
-722801
937775
-782466
-964585
-985843
-361313
-76324
-225282
886475
-133830
-384742
-248127
-188364
-510422
104377
627205
990003
-749109
-965856
-427643
-180594
-347826
139739
-204041
412855
-736028
255027
136330
-980700
-744199
-356082
208911
55505
-84914
-371352
-748128
616524
-413713
888311
311447
62562
579939
870085
-640300
569692
902838
-978499
493769
-584000
-192532
-293154
21375
236082
-567703
488076
541969
717000
535878
931580
-544830
-471530
-526232
-384570
-396578
602297
-912339
-633959
-187823
765287
-338907
32390
678939
82224
209349
-461887
-40495
53618
-115254
-880580
826169
481506
436059
215368
-848689
-280915
-588223
-992573
-766552
-853769
741701
1161
-205433
352412
167128
-527358
266913
870269
502906
293918
-113292
449078
382262
75645
-469720
-97727
-838339
748658
-121789
77281
282810
672784
-775001
-616523
-956744
763057
-70714
-672337
329260
-679941
689605
-744734
61996
-233090
-616305
279892
697340
254075
662157
-378965
-60870
309595
-64851
-808013
51195
543011
-794043
-199954
49826
-17744
-479842
11088
703887
325089
716896
387380
-232882
-970705
461749
-355950
-738924
477556
341644
959596
469700
-669490
-865131
-883443
-97070
187571
-411464
244032
850744
-322767
977120
854755
-556692
-941732
-802424
717938
-486848
-139751
697380
-47034
-873776
81954
778310
81286
315691
176785
731085
441356
-992486
380509
-424489
923441
-323660
736845
199444
450508
466458
660953
-119819
397334
67096
306485
-285369
250155
81491
198827
11278
-462554
524645
-539041
972724
458192
909305
-667581
-379497
695394
-423284
932946
72726
9164
793700
-445863
-956783
835202
197942
-100586
631242
399848
835993
124960
181872
936198
-639197
822568
869975
861442
-62894
-179323
-508499
-643580
40665
-149427
733325
-550728
-156493
949993
-555967
-672020
-721098
667194
-525389
-495738
-404470
662103
-951171
130079
619643
-315017
610519
-410938
658462
-503197
631812
-396953
96423
-367981
-631947
978156
823731
-236002
878364
-149990
791170
-265137
-856706
885782
356162
378621
-866255
-107030
-146366
566243
906266
-699995
198424
-538532
-418359
217541
535632
-163343
576888
62523
926288
-380366
241610
-153922
-195914
406283
-468809
506507
15797
-374761
582073
-560499
791689
-170384
-818890
-974874
866499
-307276
-179581
943286
-638668
-235187
-844149
-993138
-865404
319295
319637
562202
946038
-133448
285819
-77719
124542
381016
-276141
987699
-349469
-433594
-740846
-355327
261591
-735424
627050
189820
160200
-668802
38871
-359803
399879
-94128
336023
-311935
-674602
531681
-394033
-898428
-236484
-54154
-10487
576640
988155
-571339
445021
539144
810673
-551347
-705040
263578
263842
-303568
-605514
-651987
-397680
-786398
538017
205166
-643747
715071
-219305
-719024
792788
-596712
29732
-846267
458942
411298
-999200
991325
523071
-584026
236259
-15246
-586073
-907873
-611146
660010
199341
218414
-331904
-704924
-21329
651943
-864313
-531035
26293
-172639
867972
-865079
419373
963814
-827122
606616
-530981
829091
-844912
281510
487148
-828241
-668647
-48409
671510
-650797
-403729
475362
483252
437796
360245
526564
-684825
-163150
775655
949167
-40370
309632
-663547
347828
-3314
-116671
196267
95078
156053
-236882
693336
413151
578336
787875
858201
-326628
839538
-847447
110663
400233
-174323
279998
173714
-738600
187857
437946
13730
-884290
-117210
239261
64212
-264725
-761648
-659248
-749212
831979
770646
703065
-82745
359999
-936841
376736
518612
177727
-331030
592460
-22703
983463
-233818
925158
-886847
-604016
373927
157398
-308367
-864777
-302442
128903
-211820
-168740
-723957
463379
-54162
298523
-431430
-596362
-377482
350293
-200292
-146864
13912
-683954
-581548
206640
-203623
-81461
-240832
383861
953655
915931
170510
-137
255893
13189
-184474
116368
-79994
184506
133373
-424882
721268
-594337
910438
-372399
-719048
372830
687958
-785714
200463
-701014
-745860
999486
-372018
170827
379824
-855250
568239
-781722
186127
-849026
-994854
-151294
384759
640334
-621374
-33681
-348557
724518
-863503
-782016
325158
158946
-512673
837934
-42780
-874700
-908485
29934
-767358
913822
767561
957628
746517
-537453
295871
346083
114693
-237194
-507959
-155595
142665
609098
952159
56307
527179
783786
687319
-317512
-147687
692482
-961211
-479046
-213134
-380256
140600
-227513
-387517
-738573
-403118
-462567
935863
-297747
-205452
211993
492259
562044
-90210
-106553
575853
-88567
-19288
536567
410904
397205
-851579
656334
-479838
-932420
-863598
665831
-549810
842653
816872
186840
-625208
58349
-123598
186807
980495
-724507
981670
936018
-574772
-509370
-535469
-928140
-120238
207553
590426
707132
-17881
-834243
745026
497125
-575985
448684
-43715
-718900
153981
626955
-922288
-745504
-568119
-705321
546543
-677902
167462
-38994
675789
209599
-995567
512570
-79467
-817949
194312
-757170
319164
399669
780549
692640
-40918
-9615
905178
-85366
579931
282025
-371060
-569522
-190288
34043
993111
-145502
-95344
-252552
682185
-248508
-536787
-596460
-796060
-706763
878777
-320733
33837
113686
-222205
128800
-236210
-880162
-546877
332170
751489
706037
879269
623369
-845907
858218
259426
375287
7922
-254589
-328068
520996
-286177
75239
764876
-824015
925117
-673581
122335
-660170
-739924
957282
915999
-397192
-342743
363368
248783
-421531
-144641
-326077
623205
-326449
-831468
419756
957773
-762914
-358281
-882915
931696
237704
501599
-478172
133650
-659826
-616372
479718
786104
341258
-632187
-271942
-551252
-455489
-599352
-583132
-98992
16073
699017
763521
723237
-766848
-473502
-808805
-645729
674272
-515631
405350
382116
659354
-620046
-682074
512032
-651180
-208189
-731444
450921
-501211
-653066
543311
280543
555855
-874510
-351941
670980
187178
-725993
-407071
-831352
542256
-15399
903503
544278
409479
980828
-307747
183498
556294
703951
-404829
278320
-697142
-553228
118201
-40869
-381241
-775400
715189
-307143
835888
253039
1746
608212
-273847
-730801
952932
-991842
-38377
672330
746273
514908
516952
975389
478543
621180
128654
283721
-475986
352484
353279
127729
128369
626547
155304
241671
333771
264375
454047
-713083
-875033
-898970
861834
-390448
-981283
502221
689137
-462232
-907719
864909
-346522
-863551
899783
-383640
148995
-7768
23571
949977
573457
-528875
-995974
-643281
864373
18724
288304
114970
891733
656115
637446
946111
712994
-483255
-161237
-510003
168805
-122896
-806076
-335454
-230756
-167687
-31558
510689
218596
548362
-134512
-130282
-539226
-96193
742985
-451122
-754038
-827695
-509078
214866
-387195
-321350
727110
-406214
518631
820001
886992
-751427
-841304
45228
-921050
520976
980474
-457779
289749
315022
-545342
-574848
-35751
326295
442915
-250150
277707
-220757
552375
321850
-149902
-351561
-260350
-229692
835242
267253
403031
-501790
18507
568503
695992
88187
-302134
-741826
760246
395913
-171095
939774
-886684
534343
-320415
668768
711449
466290
618033
-645501
-79095
-818549
562354
486631
115630
932673
-977542
-242152
375965
50055
-957019
643721
56447
333590
-91338
-915530
535702
597513
-204363
947172
609343
360241
-817147
-283697
279693
-591130
595815
-985481
-506609
-242110
341522
-460322
-695805
851891
309313
-284406
365005
12824
-489936
-828423
-486337
-810531
-882022
-643007
155013
-957620
722817
359655
-813392
390113
821216
-623254
568617
-511667
-361939
-798528
-476705
138259
-772327
-276274
208006
-832894
-911692
-305553
-902585
47191
928961
-417687
337950
979688
817802
-350183
-72901
-870878
-574580
-489770
-87178
-148639
826739
982882
-347209
121364
83194
-364876
-770546
-896511
-626619
-151830
-96021
286585
-66979
-596615
618170
273740
-830915
74872
113400
-84411
786644
772388
-850936
783745
998210
690584
-564281
-550662
-265422
729944
881386
-648949
-267291
-462999
903991
-313478
-310283
-276007
536598
-184434
-973774
-483095
242043
-994897
530286
-12210
165774
432179
-406062
-16764
-514166
642324
-685473
-370588
-886964
-52179
748485
-585333
-256264
541020
-770677
-234146
321075
5615
-976398
-498796
622566
-375164
544096
-878197
-151984
-529607
-936925
-145477
228901
876466
519636
-804521
544207
415782
52449
531826
595841
290101
-556577
-995384
-568812
273111
-723905
236258
-943527
-404674
791867
-619119
324325
-734249
662781
-845318
98054
170235
488448
-219388
-532630
454369
-582848
-681390
642881
95151
803140
137463
-985255
727732
-958836
248688
663985
955376
705505
57839
-19307
-141454
-303881
982582
649709
-821616
-298102
701093
-66395
417115
277522
176769
5363
595571
-584444
-317729
700945
636617
174865
167018
-850896
258604
-449874
-261398
411253
122383
896980
-482461
450041
-712410
-748910
-449055
-967781
-302148
440083
-854049
-292432
765013
-210422
281780
-347734
809533
316610
-647837
-532854
981442
78648
-903395
291822
-586731
-183524
147786
-653921
-188580
974068
364527
893647
869849
405288
-507511
-516751
-975742
-195292
265422
-730929
-195214
104461
-399032
-146523
-265180
965151
612884
747811
-700734
-108740
-332388
-209283
-286299
-594001
-680439
-368198
340623
-832924
332152
-257649
-117705
-287830
983586
423206
-170819
536157
780711
213681
-107959
-492073
287524
927804
321447
-807757
914446
698046
-787876
-598735
-28693
769452
461935
-982703
-807828
-475607
-117999
770368
718818
-31757
-234609
-648006
-286730
-205085
618895
715778
-324662
504185
-760948
-677239
261304
-765682
-998938
551315
280934
-186497
-884130
-816179
-463358
310089
-778830
-147077
685851
296424
-512203
-361497
836623
858726
764683
-376840
506095
-916911
-5833
-317465
944078
931020
-855485
-38632
-489724
660068
119536
431883
158347
-68810
455680
-504002
-338238
-747407
-825498
-794177
410964
738966
204644
122776
-578994
-15596
891502
443066
-112784
-954768
233869
-533452
-662738
-862804
104815
706962
-780547
125676
523131
-929129
68144
-651218
210311
-590144
-810985
75759
47434
928952
660389
-913248
963324
892539
-564376
-695938
159938
679681
767620
-824657
253523
-912253
658112
-213795
-856279
539328
-948876
909888
683940
-203676
-800400
455214
-865348
788294
555355
645085
848508
666079
39366
-697390
-197492
129232
-502810
910600
-634640
202894
54263
-509627
196992
935688
-650464
416584
-418116
20439
838604
-120991
652663
267669
400330
866445
-676860
845710
-973585
610915
-296122
-291799
-673182
503308
351780
-811967
627365
-611882
439060
281078
867700
425833
-514030
-393774
-263367
895427
-412404
177930
-703787
604531
-633598
340944
918962
68451
482358
638108
382689
-969499
316687
-605678
205068
-913492
505345
893208
472261
335550
-128889
426798
294614
-201169
-800338
-632606
-855883
-88639
-99350
-477974
204315
248427
953847
-445681
-417385
-142214
64929
366552
-392798
797335
570561
-415889
545706
-426703
289647
200422
312401
-899800
508051
-382353
576063
-989231
975626
644160
884047
-380394
52584
-232824
271633
220902
140984
952126
-248129
-42265
328844
456011
520581
401096
96765
-808327
80386
29762
657514
-677035
373651
-481089
4840
143266
-927017
866088
69220
-821989
227736
535468
496098
975304
981775
995799
-736977
560910
254470
6176
41984
-354212
-450779
830933
654361
499429
299165
-734202
603070
383102
259824
-711990
-151997
766999
-171421
449929
266333
191690
-403500
-319893
-993656
664106
803300
322252
-602698
550175
-876757
572580
244441
826765
615196
772177
556894
-292046
586748
-203761
-531840
-882385
-931047
-154758
-782532
23508
327849
-870620
-631675
-646080
-452723
89651
132366
-515267
128168
299716
-538338
734144
-428591
13427
-437799
472428
330710
380157
-949728
399833
669141
-67500
130276
185682
272199
489319
-878276
64540
406162
139840
295783
777837
697356
-844749
877540
-743527
438151
-23252
-498919
316635
-407157
-860392
866083
-670959
-723936
13057
-800060
-183494
945993
-447472
-621181
-323192
877196
285897
175030
-624634
572413
-47680
191203
-767995
-914004
-750305
269137
952248
-411098
-475432
124056
-758546
-327611
-146872
-911233
-425936
276821
-771817
-118156
331599
47838
545242
918742
-413868
-370465
493927
-779125
-810423
-640377
-493827
363153
-130638
329854
-402324
-588007
199427
-730792
928308
169207
148939
690274
479355
536217
513240
-764529
542920
-429920
-795009
4796
-522377
367030
691537
814882
-824368
-438462
-339840
722290
-246931
539233
200699
-249509
-395324
881995
530414
-510078
472099
384662
-677749
209401
-904601
829858
-390411
-116790
469965
333038
341265
-382495
378160
312304
305715
-263925
616145
-836089
503229
956028
749702
-138276
-225218
-103600
-870297
-220485
324213
615602
133994
175573
389652
706794
-416924
-365609
915736
-405558
-644978
-972394
797695
-208537
-601842
-941142
291196
777207
943890
218339
-937228
572611
434404
608217
-645997
-596351
357194
426002
651676
950721
-550800
-12864
-46865
-946527
610151
815802
-846753
-99635
438349
411214
-842462
478396
-824224
-381647
-352949
-406824
447991
-753247
-329888
-953001
-984970
979996
-98175
40687
-665838
111561
-525409
347262
-415517
-963207
999417
179813
208158
251519
556305
-85282
-135081
-947841
419380
19683
333998
-381246
-611782
-137013
194159
-837351
372019
320780
-482551
914282
168343
145883
757380
-538648
415938
-446835
-891224
-879996
-949912
-991516
254966
324969
-781571
912361
710041
398656
180271
754067
801386
120182
-857762
-120979
-279462
-692439
109209
832682
-147700
-190905
-981627
-87334
994876
-197504
258913
561939
962868
-195207
-189150
935919
-447614
647805
-287482
67568
106246
871605
-666574
978135
-84065
-145754
-157821
356685
180055
339262
412709
-588231
886557
-430250
-512671
969396
680510
-175017
-43181
133025
300234
-222796
269855
191844
72648
786096
-896147
456197
-894788
-45655
971745
-962902
-810818
841941
400727
691304
39322
488912
-172518
999493
837585
846845
-709131
134184
304612
264453
-926819
-738937
780303
911090
148978
304603
-678378
-818787
-65061
-139991
-107056
47513
469427
804248
-74693
377335
-839752
527013
457985
433350
-656217
934010
-347207
-1743
761824
353961
865741
-742379
646194
964198
-658567
798431
401307
377524
688741
-607694
336957
908578
707123
294389
-392608
-778799
541845
209222
534022
-895186
960784
-102014
-330249
-175848
-312931
-476619
-543993
323902
906488
-491591
-133513
333355
479725
48295
995403
-368974
699282
133709
556740
360222
-946004
-772358
242626
603563
-974872
162110
-405891
661597
-951535
-572183
647732
152525
98950
-656727
799011
-946494
-269716
57635
-688496
-510325
622271
-362096
592502
-791281
-626850
239969
832900
-767931
-547307
-133630
-909830
117541
-474862
-545577
-59546
-382708
782337
-815621
-636514
-473115
-528839
-834610
-208812
-974891
948806
89532
10722
284608
663518
668658
-830812
744290
-357938
-977837
31882
215536
663039
742425
225669
878474
-144011
384270
772336
-820570
-960585
-983622
757742
-181458
320733
295820
-674508
434854
24466
-93478
-891201
-978665
-137636
-67209
798089
744023
-414762
-304114
-617793
-81458
-186761
-238586
-928294
-324625
35833
-79390
-719146
-903656
-976
747028
172674
197581
-77985
-376983
-419352
-626496
-546450
-519321
-673965
959165
-409384
797463
565316
168221
-681437
957349
59359
-701319
510588
755885
645745
689708
756058
217138
-25530
-492877
-545089
-286991
-345124
122814
-308082
-881012
-496506
222610
428639
813716
850251
505879
-124833
264229
616742
-284491
835061
439417
811766
19357
-73890
-299751
583148
-828609
973322
-814302
-363157
931997
-71444
-836117
-816491
509429
-196905
-410655
21383
-664909
968191
-292331
-635860
908498
292468
-697346
106301
985180
15789
-43650
31611
-768136
-886871
155094
-477219
-314289
-23127
132738
8911
-29480
-456476
-828219
448077
41503
164405
-7513
389885
-692764
-674173
-669166
-19862
-300544
3254
579781
-723662
27763
880984
-178453
896110
-17645
-165661
-799972
-148620
-928837
794909
601174
509955
-99821
154029
-186523
-72122
-996788
-275677
-984405
-139591
-993626
240190
-397644
570736
-486794
-464037
241053
491193
576864
548423
-343931
115209
-745897
885040
198622
279023
957353
-506332
241501
-375299
-132898
-713002
513972
-535016
-199676
755953
258705
-232605
-485586
584863
626197
885094
-798913
591725
268446
754123
984071
-164730
353055
-465073
-899847
-884754
552114
-769164
472243
392078
500834
916182
514768
-40763
968127
84827
100822
-849051
-779157
-639626
515999
945402
-453678
378935
591309
730451
398363
935546
-879603
143050
-296774
-999666
-828784
-321674
-452565
389187
-982826
-960069
-841909
-708658
497968
-806875
462602
872393
-897570
350215
997029
-166243
469606
839907
-901490
51738
-628405
-320953
-687526
-221640
570840
984488
-871145
58897
348600
-803093
454379
149849
-767839
-770965
-840254
-523916
-304883
-748793
-240789
-396286
-29677
213378
-798599
13161
-988320
222663
196460
-130926
6853
-546557
-225060
46130
725853
707596
340762
-256345
503085
949664
-385475
199429
-699726
159252
667489
672957
538579
-808821
-729628
-798501
251104
334000
479
916245
-225048
16551
696575
-263455
509078
-845216
-827312
685205
812761
-171685
-570755
-717737
-631582
-458558
-860826
314414
642114
-456991
-666946
-563617
-944284
451546
606285
14086
236933
105204
-658934
-652986
835822
-946247
-587320
406200
-256852
85047
-596228
-569108
181232
-231695
445002
-831363
445334
-275077
106538
-840101
210662
-394471
-243892
-399509
280309
343945
83207
147085
714088
-48855
-517571
-832410
404931
-919943
-529689
-644924
426574
-652370
353297
813390
-378952
322145
-457676
57205
951127
789143
-634710
-684691
-300041
-243402
-166083
850529
-649083
367980
393911
-881901
-900747
-672675
-34025
1950
-775411
-37909
177771
698580
686084
694210
-278261
-438723
405557
-867861
-284484
955287
-479067
406904
-832578
-160773
381414
48957
156072
-855265
165429
40549
-662420
-314737
39933
-5937
-456119
-881096
527286
-334518
713998
-42869
128483
744507
692946
899111
138094
-647440
-475059
850138
347290
-924527
-858304
-670479
-2877
-38724
642521
-539854
366147
255181
227870
501613
197543
145371
333820
906831
21775
-119916
-866221
607474
-912149
-219834
15830
944243
54175
37510
-259562
84470
-362158
-159896
419746
-815433
-230801
-917610
-286470
132505
394556
904594
-435232
658559
281118
-700545
-455304
635511
-16329
-972098
-960656
126996
-49496
12886
-722471
-887198
500802
478041
963581
-879407
403744
-981932
-283508
-321900
70646
-235693
922190
-39424
-522088
-369120
430641
-244770
-905800
-584863
-325932
393956
-56719
-69888
-14408
-573005
574170
324353
753768
69894
-421082
-764755
507834
305486
212559
705955
