-246143
-89047
-539646
47816
-547939
-767948
-182690
-649467
-153110
898431
982126
-384171
-633060
233842
-843068
103006
-288503
-414894
484902
797171
827846
-426688
-227681
978615
881599
561178
-872288
-884289
-995660
269842
-996347
-339807
967387
-311982
898078
-362183
307951
629064
-568581
-207507
-983688
-96565
-26358
5604
344659
-664034
-995778
-354729
-936136
53557
-612340
890872
360562
-565054
724011
-924461
233670
-535278
856275
-431307
514074
-92112
744552
742198
-623751
31626
898496
593244
349592
459544
-615587
-998388
-66827
-520785
-119597
-398514
-760214
-965819
540078
-752233
-445069
609598
-840832
703663
56645
-417830
-638529
-446136
73508
-956822
-706789
-496813
-771371
-381478
-814403
-739304
943510
515551
666888
712691
382828
-404216
-866657
29127
-320462
44404
913969
-314823
-90389
958235
295761
686995
-549354
514795
196870
726245
-371995
545305
787465
537096
-300012
935090
629763
657127
-637538
800809
521704
945684
833048
-277945
929012
38696
-785374
996205
16127
-247815
245558
431558
167066
222200
-937772
-278217
-450044
-936122
-545904
-384527
-9377
689670
-930781
710859
738336
-119369
170045
673968
-443482
-50075
-535890
753939
92192
907085
-462958
493859
-212845
-225883
-956200
-614230
-197707
-914045
-205533
401477
-596711
431866
159140
661788
397441
-748634
-487171
381673
297972
219823
240444
-614627
6942
-932179
-603977
444054
-164597
18037
344700
-10410
160262
-33771
-73325
-812761
774137
823343
-943610
-878703
334502
-226627
-453493
542043
331369
508524
331823
18442
629434
-524876
-238709
66116
-732980
824303
-555361
485590
72515
-402
-695447
-815330
-837899
-735679
-95736
-996589
393614
561392
255217
894500
-549259
595062
294631
-442045
755334
440758
-341284
467103
949350
-909888
-822703
740985
-730893
-28998
407755
-882809
-895802
651123
356671
-945584
-521495
248563
138082
779646
233740
734624
-86628
-448453
-383080
778001
130668
-192985
-576758
-791006
-780424
-504561
422977
866362
-86338
114990
-946543
-386702
588979
640686
-721858
274373
-123047
371712
795125
473104
-488974
920454
167799
-681727
172053
481556
60461
68599
166205
-232611
146341
-552281
-625307
588729
-532516
48891
-904221
-969598
575774
-15108
-419256
-409489
-278196
366590
311946
-472709
224678
235220
-167748
-965284
-65550
-973759
-740739
-183038
274653
693958
200745
-768702
-748575
-98923
-265969
122911
144151
75699
861586
-441451
485781
953370
-564332
-643198
578437
644959
862621
-381189
950080
-577229
121836
62876
-831239
485793
-356311
-436062
-712963
-991490
838822
18221
-434490
309084
142577
713936
982854
-967656
-156133
915209
36613
927852
-723417
-290431
372418
-402323
518967
-117169
-769492
-529030
705406
368200
763928
62669
22176
-688531
-294795
637369
242454
-110439
-676323
649036
960063
562217
-457120
-889329
-727754
410108
715015
642870
931356
569616
-944396
579388
-432596
-639311
208727
-39256
-659543
698960
502020
-354495
296635
-892487
-518902
-675100
981637
827055
204934
-110148
499940
-31038
-216118
783572
307250
609671
370795
-459399
899137
581370
341407
746511
-930600
442210
-807354
102216
-979252
804482
-645379
-332771
470553
179635
291028
-482053
-67610
-967494
-969084
-19855
425808
608356
-72183
-721792
-795376
-543931
387005
120427
-928175
-45108
963444
795665
-761046
827036
-6799
-297231
-357988
-907292
-684508
445112
-386569
203517
-837600
115392
110810
890579
95891
-666457
-924462
936601
-472238
-38976
-65253
-109814
-552213
-25794
443148
19357
-791385
487892
-825917
559618
-644558
-968756
-980057
838052
-671979
408932
-815146
-813167
-57937
-204590
-974597
-599097
-143357
821807
-358180
677429
467978
939034
-322487
571979
583123
177775
-772995
-458758
336560
-878969
70222
-637104
533852
-81412
-239761
167626
108149
443973
-180044
836853
136624
284809
-353521
633099
-231334
782196
-388328
-134480
-335001
-507843
-566129
-614433
95483
856593
662993
-378522
-764841
-379488
-57032
374706
-56483
-649217
889795
359875
-77351
542737
-860278
-350488
602925
593968
185213
-467248
274338
654681
129424
279590
668166
472666
-107130
756964
154501
591903
-573259
614071
492546
641325
641745
-917027
-573850
659532
-247989
-902516
-555884
853400
-676915
-151812
922258
534641
-452897
497183
497345
-617236
-409027
646604
965542
-264644
-888189
-746614
-134047
-291388
57771
-429514
263897
946006
-107148
676050
766764
-714072
-325205
-755990
-980418
-594492
-815100
-569105
111757
-664088
980170
595158
874398
862549
-628408
196747
917983
-962111
-189738
106599
599213
-808395
-626528
-486613
-253556
689132
841873
-785817
-484126
-797206
-437677
784083
177643
-590774
975055
-751566
421538
874215
59556
-176993
440861
565324
-718214
640617
-690636
660702
615597
461180
-996940
15488
731300
-148731
-108651
16136
-281998
753117
-165109
-673766
-419156
-177152
-991776
155230
527153
-710006
-62209
-364529
-998698
-18728
-432667
-498083
573676
-257769
-527652
650460
522537
571302
952270
-703928
-338090
630958
-448041
-402495
-726478
129748
-458261
-329271
701696
699298
-856640
-213186
880305
-53922
146483
739654
255616
-957811
-402875
374171
-802126
206765
192545
495203
974439
264831
620007
19473
840807
-259616
728919
-788009
523044
-897088
885146
-886340
434029
-852663
-799539
98539
-822427
-534528
858322
978633
719781
905431
149298
-288664
-33005
725123
-486407
465815
437236
950016
622036
-505574
-619753
-841179
-897337
-908170
-788362
-892057
604929
-795489
506783
953160
-544751
-42054
-286064
-692619
243349
-906218
-144441
973235
-516940
-908878
-410503
-633446
-266903
987398
-551588
572899
-123401
-808736
400556
-217192
-169750
940645
-632097
910581
928142
642089
-907660
-540584
132367
-516294
-90476
-302130
814816
885330
443389
-421202
478087
-171452
-513202
923674
-43334
-665247
642382
351324
679053
682270
-640100
-56702
-725872
644343
724967
-562897
-988132
-541774
-666322
-874743
-503574
401528
899698
731350
741899
944482
-764796
-353880
653760
629361
-585191
-358161
190422
-443920
-668882
878474
-668635
550108
-642843
-325126
431311
527150
171421
662575
-160235
-583641
-757219
413631
-101202
865601
390091
296687
-115980
-164738
584684
-763730
663418
879873
-47112
700196
119872
978764
123127
680985
-116812
-304705
605121
-74044
-625814
-956588
192130
432344
191880
-28673
10400
463333
7602
-52257
18345
-359536
433807
-127286
163316
155520
976720
-29367
-483579
-801592
-379801
-984146
-369007
469584
221754
369746
669046
-494380
-843326
-648784
196539
-424605
53551
-103594
-554776
-731597
-354081
-150875
-834732
-86386
-239173
-301997
408630
-15689
-299041
327709
993629
-109945
-458930
-69384
-615607
46623
-203314
305999
209040
-381711
839235
-624239
669854
761846
-874753
-616001
-305612
610144
473840
705627
630378
-62833
333145
-30067
-830195
228818
-162517
-872369
-86945
734924
-171671
25665
864065
723798
259418
847547
-766640
705777
37169
887238
-395688
387733
713027
714576
-210868
-29645
811370
-613844
256594
-169056
-257981
-726637
730992
268874
602297
-407648
-733810
-359559
-105469
-376143
320987
-180868
519321
203758
116582
386702
-434618
-227285
116555
-206958
-47110
124162
425248
906052
966635
376535
-949636
485668
450282
902723
-371058
20994
223245
962409
-221150
540796
-634389
811708
585459
215648
728440
201189
-709942
-397727
532094
-457028
634205
331056
-529551
783198
-640797
-970983
-49231
244496
-462195
378418
546210
-402743
-623924
-430719
-721248
-248836
-493659
-112595
-267707
-722491
788606
646737
-4063
820972
12872
-10949
-458119
632528
-911732
-666768
259954
440234
-91273
-943093
-586807
-696351
972448
856430
522283
719548
-303037
-677401
534794
739937
-297833
-180369
-508323
457992
224179
-673469
-349398
-777341
-514862
739552
789581
-464035
-870965
683234
-493714
108255
554923
-650055
937348
-796057
-35702
316291
308625
258693
789470
57039
83954
-510058
618296
935542
18591
-389116
-187248
218959
-398818
362810
-992969
-757248
963614
-886722
-150449
68322
644498
849864
584287
-636893
-320386
-884853
-717357
579955
481161
-38023
169615
20056
13792
-364824
601752
124872
-496283
-503675
-867612
-119034
96881
-498778
681526
-136892
561060
-63556
707517
-761372
-100352
942802
146841
223472
46879
-479187
318550
847242
349574
784803
-823177
364890
127534
-269724
-659075
-478621
-169707
129395
755506
-848684
-339166
-639098
731616
619267
-593407
-557767
622381
-115948
232471
-263
63556
-737971
331306
-103081
308600
424553
-984791
-3817
-358272
-501986
-450409
213363
-637753
67478
57691
-471155
-582836
-243329
-856464
-392267
-920751
-354558
163007
-796023
921825
-20764
-912282
-513054
-335794
-884945
4726
263179
51042
863481
-378710
52018
-888567
102582
655905
405711
391812
-274704
-725917
61007
508688
927770
-535591
453028
-178468
-50482
482975
815154
-380281
127659
-752538
-761826
52167
-94859
439072
-560547
-139585
-211612
-59587
779347
-155333
-991952
-529717
-988920
679533
-855649
371799
-248410
-302536
544903
313786
-361083
518068
-521354
-594599
-799091
923852
826493
-872056
51977
378011
-189264
-187382
921906
467589
-880867
-334963
-628171
822360
-508287
365728
873480
721848
155434
872688
-507176
-154365
351226
-655358
832160
-677215
-567584
239306
624600
-251382
404026
436114
-124940
-979016
-125378
-384633
723703
-438258
171815
-405171
354013
81223
-670993
205039
530518
-955047
772022
344324
661693
325901
472137
-304689
-756493
-464390
461530
-243927
-371708
690320
404895
627641
716783
583910
934259
281938
319516
525854
-691572
810313
15073
781387
718335
681882
655112
908666
250908
651451
326792
-119586
-984491
589447
355221
-981400
860268
866859
-393051
-526278
273101
95948
22951
-127790
-765501
850733
-724879
-843185
-407989
-477221
847504
428602
71568
744349
504087
911201
871970
532095
-33365
-705099
476958
928793
253803
10688
-693295
-807253
-470305
502639
-978371
385471
974128
629600
-244450
-969914
454708
-829093
-112389
598743
357993
-37611
-353112
636575
86124
862865
754925
-451727
591653
-76142
-191787
849607
-226822
904247
-981228
685710
597558
-987752
-868033
-546776
-703154
-384966
300990
-22640
-29680
751355
582394
-718605
987938
272779
809623
244850
334449
-966123
-835249
730536
888322
641843
-74464
810646
-828564
94954
56482
43605
747875
-314258
-30212
922411
465050
217856
164179
401813
338692
-552611
-528254
424608
-844043
-177916
910887
-850171
-14712
-247104
-912396
215064
-151206
926123
884704
433481
-896422
-995925
778488
514442
-225814
701716
980796
-9046
448454
30193
343247
-3481
735199
520646
-820905
584096
-317005
-56452
364609
-763917
293158
589028
239194
359553
101506
-147526
7138
560039
-336138
880472
795939
-328502
696275
-418927
-523003
358743
656069
-530740
190205
619459
267604
422057
-372602
-175132
752599
-459168
-149579
-211332
157418
-848618
-68216
-895503
882740
13637
-415550
-468515
-500386
-634804
976749
-913197
576754
576809
-306310
540579
92268
-744672
715247
866157
-560125
597266
-423355
602575
-885233
-87183
1740
-618704
-210780
853528
-549031
-652418
-504803
513528
-863182
939952
3677
961542
-593441
-502896
797011
-24794
-485216
-416621
349411
-397399
-945834
169760
84464
622895
-64510
815809
425820
40382
-23110
-777533
516312
-843728
611755
837481
-735036
173198
132051
-936560
-847000
437573
-843200
-440655
-843366
409866
-215955
-608354
696144
217777
156072
-838239
482823
808612
879471
629011
607758
262287
755991
637218
-893311
-583561
-491705
977792
-510905
102848
-571637
621097
-682230
72848
247878
-237441
-550283
-616927
851434
-548318
573351
-79554
-372835
-751572
423519
-341599
737770
603649
-489004
-318023
167545
742034
-152198
-776392
961641
-800607
-958143
100369
544036
-133392
-970942
-785130
845203
838623
71702
839407
-705738
436150
48201
-145368
-385790
-166668
984077
433548
-117469
-19776
21331
187995
-327227
-222549
-633975
731086
272167
421177
171859
-945301
434510
100779
552085
-902871
-789252
-666649
-328646
-732829
143470
82276
-377145
651742
456286
-603469
-580483
-669986
-915765
-510297
-194435
908075
-178977
474347
-297518
-147299
-762875
-617812
-378694
-893726
182446
-581388
74767
124441
360426
16065
-216914
161577
-217121
-976744
-885993
862626
847340
-124718
-883527
945572
578053
419138
-73171
436080
251401
335512
268299
-808113
633636
338224
75786
936990
-414439
865254
-28008
-695784
339167
-446542
442307
792236
-961684
-874070
503076
-823369
-126456
-307118
797389
933420
-149079
-864282
870858
678885
-696412
-470962
-405846
831265
-766347
-782581
-984060
558758
498094
-750883
-527278
982520
-112740
243268
-458414
603845
-929111
789037
-906472
939962
746462
-476139
-817630
317837
219870
94228
481053
763176
-560966
260728
838495
664658
705176
-428509
-210423
409654
-500722
-785930
787943
-281981
-260132
-974052
-451229
-772776
538992
-165105
358242
-790847
-951967
-210771
486551
-636242
239148
158266
-957645
715784
556140
-785707
-668804
286246
-417042
741310
-635553
345621
618893
709283
-75772
837094
-439460
239647
859959
-853365
296632
144816
633016
196000
657460
-225064
-53502
806248
818821
-437444
353622
798105
369598
311729
-682887
350562
534705
-94710
-747900
-979249
-641802
-400910
-266099
249680
-214715
9164
-532092
153420
-238005
-920268
-759263
130861
816372
-628743
941543
-224545
626933
203434
210829
-782217
546921
-740861
-558156
330879
195767
-834758
-96711
-644972
-349032
-98924
517179
-861831
-136784
630375
-810265
141422
-712947
118936
34654
-446893
457137
335187
947751
259371
-412207
-805162
-406276
336158
-598742
-91737
-406630
-84800
-933392
-879377
-145859
-312225
-607948
155840
326916
537829
252122
813223
-481470
-228731
134987
-766901
773041
440235
176803
-366377
533781
-161742
-981140
-620625
101432
563582
651947
221054
-457482
92162
295221
122977
-762843
976377
-440254
-910503
249196
36543
231540
512021
223036
-4986
381255
-433728
-412289
-726364
685441
-981222
-309616
80771
-716101
-579394
-775433
-984595
-450305
-966488
373087
-240654
-972982
-189539
410999
147678
-935306
259488
513831
-815468
558530
77298
-812589
127244
806489
402292
518409
321031
11811
-591376
979199
-599224
-796333
-426746
-340184
-265050
-11952
-312589
89545
-702769
-450703
-743655
-253437
274595
-979402
-987152
195241
-747023
-153374
-902361
-875358
744336
460958
-388782
-261220
-403819
710391
288489
701091
-473929
9912
39471
-559991
436229
-518606
401876
-248387
-253341
40239
292077
352911
-480685
852198
594795
-551836
791103
-26707
66889
-204937
-576377
-359259
-921900
-223957
652010
396136
-56087
-503486
-901536
537067
4730
725762
-258695
-306124
-152761
-826283
872685
443878
335138
616048
-997268
-328378
558377
163946
-929333
207017
365043
-112912
245214
-526365
-345646
347855
-191096
-599863
-399117
-802944
175535
-722620
-931650
736655
122165
-833869
730409
-115476
19935
51322
-914537
-673206
-728364
65378
845387
843557
232477
-231424
-273106
741712
308957
50358
-491455
-583888
-626403
-356016
847611
392577
-339478
-827203
-438398
358231
-137011
640055
788051
909718
2085
397373
344317
-131413
-488408
877198
328363
725939
846853
369143
7537
486120
27349
-27017
727387
-213188
-820071
-276926
-281496
360283
540844
-331888
65472
-387691
349610
59192
-580788
242001
662946
-748733
-779382
-390741
-156264
-720699
-283464
-62927
-189235
-873647
-73531
-168816
-726852
208795
123113
-233065
596837
-198251
-175471
-726249
-498159
-220508
-697882
318656
431802
-245347
245574
341898
-178492
24434
-417371
105425
-490108
-277503
-786882
356794
553441
-746034
266016
-187561
-662435
-949077
-703089
633347
98347
286853
504224
860928
373680
609280
904595
-910765
-557655
-252741
-399028
987614
29172
-908886
-888913
-828780
-958555
327510
440009
436721
605139
865686
538514
-650465
-744559
194378
-22505
129407
940390
862201
-36605
-539383
747529
-401273
956020
630240
-819740
389027
711938
791444
-760565
-165688
-88792
-284953
-385618
553211
82175
-581432
-139313
-767852
741659
352711
-657959
-149126
-272712
458179
730433
-818365
-354755
-914310
732059
-149459
-639524
-846910
-781945
227220
-363574
-43712
-18096
636628
-866395
-640446
-396726
413297
335588
-749183
972451
793943
330867
117255
-417961
23118
-729841
-333835
-834395
-63173
421986
-230832
479037
78790
26099
-628592
-44004
630222
-641229
557434
-616052
873726
19709
-267146
-235592
480262
-125124
267276
611315
-726207
691907
765212
-856076
-968431
-535803
-954919
72251
-3269
-571188
-579854
-559913
990159
771900
-297600
-670212
-965563
989891
866620
327315
226822
472338
753573
-770088
-240261
-107357
256308
-492576
486
437620
-841674
41010
-677065
695884
257841
-108072
399219
-641677
630244
728890
-154223
103699
-656306
-827537
542191
-808772
663650
-656451
-367222
-828439
-672342
433221
-993491
-40413
173026
-667116
-656057
420458
-962365
457761
-857853
746574
-487050
413377
-218431
-928518
211721
311560
983289
978264
-289624
187339
-313978
-700581
188700
798202
-809629
376072
-394721
-613322
-459161
-448958
998355
753619
-971566
-201949
627537
-684943
-771193
-307351
-952840
-108050
741073
-844998
-469727
158583
-186673
805063
-5953
84327
708580
-247029
-726072
-873862
-488484
-894894
-280278
-511971
513230
323053
94883
877854
-36158
-134972
-605511
352940
744587
-18318
-301837
-521853
-117493
-273206
-682523
-662219
128937
-374049
939169
-378342
920595
329130
788266
243612
125830
-375880
840953
822017
-464493
-13947
181180
342598
44819
-176064
-934727
263095
-566020
626033
-51837
-943258
-510656
556157
-109891
688842
507911
-353135
329815
55872
651334
350889
-350971
26636
397099
752007
257226
-195011
-389932
446651
-910968
434406
-500011
-291973
90413
817780
238497
718895
-108088
309319
-547011
785659
52892
-365283
-412753
-806625
718334
-969083
-137753
706353
-796478
-32763
199629
-576441
-417320
-374332
700596
-443100
337450
-908238
366824
-481364
-196175
-532430
121797
-598450
-413265
434138
408860
-449438
334201
866094
778345
-625273
378082
899285
734927
-441524
-500853
-594362
-455504
-280730
-762103
884782
898531
978897
263653
281662
158761
977604
-265844
-459545
946897
79500
-38903
724796
-404527
-619842
164080
-700040
-847703
-189950
182029
543497
337017
80501
-657798
105053
725757
-213777
749217
919266
-976485
-334164
610387
-557430
237210
-433070
334787
-650628
-315217
-971485
867303
769376
803367
464687
727703
-558087
-186176
-698961
310627
288188
-886990
-778935
-349251
-154664
-788951
845981
-614502
-232307
85035
818135
-568243
223651
-734728
635776
875759
-708145
-89668
228288
-943644
-400766
449103
758341
-453910
984353
548613
-688016
-20665
-119174
-451384
831076
-476133
303730
-230354
835397
-421455
55268
449062
-625120
225732
-50614
-189151
-562711
-760131
-460582
-503912
-842186
265445
-734261
-430640
602625
-310167
827325
-181383
471101
-825486
-756484
313234
-991329
-544772
477810
-374397
947958
-981619
-438213
235239
731017
-541802
212430
-461642
-643476
123485
-498314
-659696
667073
-209573
-737239
-995668
-4929
147029
-684457
252891
266805
393078
-688435
-773201
-370345
-123621
-443461
-450203
-533552
162376
905996
-358558
367183
291670
-53023
734657
9816
83101
495628
-797133
-804126
-802227
-496838
-821096
474291
887610
-484385
-897341
-716154
-650590
542311
-836369
465149
-564747
97841
-364614
71068
673013
-41531
508325
-802184
-61209
301443
-224939
206184
263135
324227
-336772
-757448
337359
-282461
896743
-493563
382975
-179858
778821
-353063
881469
-841939
-630380
62617
-970929
-359426
-652637
-308664
408276
379672
-796809
-162056
-283284
-858920
489138
-302300
-252370
-506395
-936248
828646
-159430
-482819
261555
939633
259560
-251039
755198
146682
101974
-782279
-406571
-631085
-92002
318805
-261474
439093
910671
-143682
-800526
-323616
297439
-81054
869740
-475824
-711080
192440
258160
541434
279844
-640904
-723068
-75140
-583567
722233
556663
-884871
253677
-284810
394770
672363
-97052
550175
-194843
-223037
-896860
-196110
824066
543389
219044
541371
734514
546280
249366
387778
440567
-597657
504364
-909078
298184
544004
-544621
856129
738769
113551
-613457
447307
886443
-307008
-25004
225336
976398
-193900
-256033
-645512
807327
-41481
-605680
461242
6517
-484837
-557823
960270
382379
-712193
475822
414424
12687
-965282
-995136
233128
-40725
556772
-266122
587763
-449997
-694544
4963
732650
-317996
164132
-358869
-55402
394146
56720
-563821
707675
-489477
-693723
290174
-883838
65144
380104
-268215
-677034
486746
82571
-122076
-396670
547311
31189
-906638
334586
668682
217875
-508648
-364654
-746685
-670737
-728958
-768790
-513205
-849092
-744175
25939
-205042
353533
-512088
291695
-708543
264677
663754
292195
-83401
786854
720512
579462
863385
682461
-44918
265448
-829115
-902554
284857
267531
772059
966964
610712
320233
-913563
-188008
-908941
-348402
-457610
-338297
-167032
-894034
-612524
-303430
-864674
-34923
-369728
968144
-826713
-821999
-584372
-151034
-953103
39314
-223888
-747486
150957
-821852
712320
883448
636779
919689
369092
485074
-562096
-570027
609582
-580804
505867
465190
304262
-562747
441423
-569983
-445944
-193319
-683374
-544613
927651
-758900
-636691
204636
-884970
-927425
744707
430546
-511117
-186817
-263015
52766
-184700
344527
998398
-652354
-407206
-383165
-357587
836497
-200209
722276
713034
288574
-923257
498602
989483
-633168
951424
-197176
-370418
-849780
66076
-933165
-267922
748038
347402
878489
-461120
-44553
-252565
968375
424629
-243955
-454364
480049
-474102
151508
200002
-200390
-783095
-963348
-184931
829521
-107885
-672889
-369274
-628096
675777
210790
143512
978081
282911
134838
21710
366031
-412843
131760
-846964
142913
-724415
758122
-898328
463741
-526621
-658317
-648806
512705
-106329
-843431
398839
522960
993015
-4412
280238
-687582
-773267
-937367
-642397
322695
-602891
-489344
-461098
122853
455808
-84249
-772964
-553103
-877219
255653
795663
-72808
-157289
437360
850727
377447
596667
-613527
97853
-706878
871122
965304
139265
838669
-128512
766435
482507
432808
110057
963887
-387800
18244
-419005
66219
-535893
-155058
254931
836459
870168
943179
427914
832625
-862043
-575179
379281
-772842
607639
580342
-278692
154762
-983667
-946431
647343
-61119
-777506
532485
343488
-936419
-424044
-982214
109907
542001
386915
278278
-550587
-588059
-138878
143113
429599
-316368
609728
346731
449325
-713655
18631
-487856
559741
802259
-454708
-443424
156380
648431
-738087
233223
-214743
-782568
952952
-26170
392124
229127
-465532
-364050
-161676
-56025
-567524
177418
-56301
-686477
833206
-985455
842355
367035
-784637
-881284
-394090
-714632
70176
-76490
-865868
-103229
484888
707613
848229
-98882
994151
612220
-240066
918208
-956371
132866
784662
588702
-375633
-740023
-808303
612727
138854
-231442
-260243
224172
992110
-423321
310852
153174
-915929
17570
-488535
-681343
996380
321841
-380792
888274
695476
-442120
49268
185927
-317931
-549596
701359
-758938
-61023
594051
-929403
-864431
-303684
619721
936153
-15079
-985614
-743959
-801382
-108832
-488597
-824659
-375562
595761
-194199
-375790
-633301
-157367
635923
608899
965346
135329
-459993
878911
-773364
-749054
-642994
-304834
-593250
-350679
-454347
467050
955548
450659
551654
-274929
108871
515999
475137
-122893
-172613
849030
235362
849053
-182892
718386
-982365
-467539
-741764
-111413
-678874
-212762
361361
-64044
449393
-675761
647369
493373
-848298
-85830
93492
-488267
-23320
-667229
-520975
529183
-199713
-865124
364770
448900
259127
-890609
737222
-663453
-554676
904639
79621
570519
-98480
-858101
-904768
-83924
412500
299200
-708407
490065
150569
-154457
-948967
681109
-254861
43199
-787633
-981009
-991462
-952985
-649715
550076
869770
-85565
785614
-600095
690835
267503
954130
217147
658242
813638
767781
27294
-992555
692588
521249
890834
808007
518798
277157
-636544
239516
-891734
-53495
983505
946334
-764170
302546
510581
-854173
302159
18834
-369376
-217765
23672
315159
-833221
-283707
-269315
-798536
928159
354125
-288898
-554016
91791
-427080
-969559
626946
-879452
-242694
572048
-928059
-714020
95645
297126
46943
-412702
-699671
-993075
-22525
-111226
750176
598597
-14044
-111800
643930
-873886
-540908
937856
-301496
-729032
-404373
828848
-996042
667248
910510
-302889
790703
-775847
229031
-402433
-292296
786140
224571
-186832
869386
-360492
54427
-640577
-774501
-893381
-963309
902619
654771
-357607
-720929
183753
233120
639493
-491715
-72541
479762
-888280
-665756
-1487
927438
160540
691366
23184
-558230
655772
-865771
564773
456405
-561236
469319
-607288
179154
-354427
139200
901051
896029
-10143
797903
266264
754020
352530
-499379
-853060
663638
565712
-137483
-317550
-620933
-888890
352416
-911423
-599262
216074
-398335
-13062
-966288
-136950
-534014
978406
977770
655530
-168052
87897
519126
306141
-230961
794418
312879
-941489
-314469
-912103
-234243
47041
257233
-366322
-932351
269337
-431010
876843
768835
-491811
-109377
482062
-70632
-315914
955388
-10263
220741
452405
-202380
-280236
-25413
-256583
-152648
-270189
769124
-216708
220189
218111
712533
609964
156248
405871
854244
-673618
863501
967706
-862036
917955
-500067
-822520
866791
374631
-650869
-603430
949631
366448
-791412
619182
276159
-268126
718888
-843911
-592328
-532078
76832
996134
-85942
-500894
507256
709234
713858
68128
308677
-119549
594494
-170194
-961706
-502334
-266528
-701861
-113799
258344
583106
-549594
-238860
-671346
191540
-247808
310486
807741
-183124
-468242
998168
782242
79419
-858586
28130
-638702
-803742
608978
542105
569848
-351050
94157
-990986
-338511
-157580
604856
823926
58295
-662346
-189288
-981384
985183
326539
-288129
-25422
-815810
-683373
509653
-752481
-429597
-993649
-189043
-458467
545161
602172
-533706
442287
290653
-778853
541064
811505
-707490
-394262
-735032
-168715
724936
241916
-495435
650296
-713953
847708
-458244
365704
549975
91034
947915
-264958
-115921
-488997
809036
853249
-559044
20301
-113500
-44343
645422
-137134
-906685
329921
271480
-414533
-800387
-556506
-523375
209134
-698891
33042
151383
929616
129780
526327
93877
-394658
70710
-282255
-586297
-997329
-178955
870083
-949189
428093
-514347
797533
-883734
702882
-506403
202802
460082
63917
-718338
287882
-560923
603436
-825122
63431
-391990
-873544
-767123
-272513
-250414
609196
-6388
-951420
712344
909729
810028
-701263
-316233
693735
388156
-951124
606967
-677979
409601
-286338
-341880
-532510
-909108
137834
710548
400352
-261515
572988
-27564
-4677
889025
363784
-841150
-460236
-669990
-65111
-479019
105347
-163699
134352
-206685
958987
541600
672237
704666
-873999
565171
-246512
334601
902002
-530097
-55406
950342
-408397
-320291
-801909
538194
385446
493107
59088
-871227
444977
-365596
491143
630710
-346509
-868058
-490830
-103811
896106
267267
-513589
-539273
240078
-686876
228878
-298044
41485
-32448
-91476
168436
390160
-121128
421309
533832
478619
253781
-269362
859042
-550967
951
334665
59129
187313
-466953
558454
257517
50087
-192319
858617
-948903
681962
48376
21781
783229
-321187
415519
-149083
263605
170117
-823505
373058
-604571
593065
-347724
318190
34891
326431
-666790
773574
103961
651907
672718
159220
653379
277029
603537
180275
373568
-454539
-577002
-680957
-603567
124414
-689012
-269669
521104
-425448
523498
-826748
-146141
617438
63197
-627221
297771
596448
366416
-831411
-36737
-130444
-312517
845638
137266
77815
152652
366471
-534704
-21264
-472233
21196
-696467
-537244
-343076
-147892
568330
-851509
-678224
-549221
-752745
-850559
486796
220473
-434127
932014
-2640
965181
788315
595703
563694
234228
-965921
885786
286082
888630
-60654
-32622
335615
371713
961254
946063
474632
-584462
-879170
-752001
-982448
-990298
551355
-145205
-298623
-80813
-545187
120708
509794
-723826
301186
269709
-348330
-100411
219492
-460658
-586542
914035
171426
908856
770979
799620
-622919
-470349
-793433
351568
721332
-827391
-935634
869281
912394
261844
-609346
76396
-885151
-948448
-931039
-406521
234008
121725
240495
-507575
616351
-863255
158723
-961029
837979
442068
393620
-653958
-360527
510372
409576
-129830
27652
759050
862261
170438
-23074
784316
-981241
304463
932297
-253171
-337784
14018
-132329
-162959
791535
487570
-540322
570429
246801
-857187
214694
-262885
188293
-451162
-342353
636734
749614
-413503
363419
77713
-628422
406271
234932
61497
40546
144978
-519648
147888
754765
658821
-605201
302047
159142
-575244
807122
162781
-154523
925216
-854905
-454078
-137036
-254406
-839975
468634
761908
785475
-680178
199237
-317521
290852
280633
973071
-328623
219945
-994177
875902
494110
555427
-538014
-67879
271255
-538706
494743
-196320
-678724
828834
-91362
-515758
540197
-9875
815674
19774
469952
-569604
397899
639488
-299121
18806
-625233
-460852
196865
-397037
-836897
645145
10696
-24690
-238502
18825
-824494
743476
-254652
-420193
-253711
-146507
-180730
376567
-200849
584925
-429814
-131269
708067
830976
882236
-373744
180464
977171
-291164
-539184
9254
222090
148203
-980410
235648
-253490
384414
522417
601197
387355
-569225
568065
852634
-306095
-193138
-651016
-870264
934662
-431280
-773192
460940
-451080
-8417
-962071
134436
877994
-359195
378886
686793
-511520
338068
371605
280339
109630
-462165
-191512
-164568
-659904
195854
-602182
-699457
-769072
-512782
801460
277272
922610
-987986
72681
531989
648727
836032
-553755
-997354
-679185
768098
-171092
13335
-822314
-766917
-924113
481052
-551272
-230818
-68501
-629031
421283
895473
758021
592727
805157
238870
-177769
598114
647508
732608
-561216
267682
519833
-613803
48263
503299
-682929
810449
604883
-253180
-885089
507858
-794506
692741
177098
-189517
284015
528483
520395
-644165
569937
-499726
-622316
757331
-784837
-812892
-715715
-747515
303924
-972085
108492
402886
108830
585934
886967
642526
137740
-967261
98651
276055
309714
457701
-561308
-461680
-156767
201427
-275102
225115
-193433
-407008
194418
326466
562490
-568959
530462
-212282
-699290
455387
-228263
517025
-524301
-995339
884725
6620
-367755
-492894
-679578
-251335
-938537
334390
-56038
-187148
243640
-871354
-562593
302821
566725
371549
-691043
-240512
683221
493777
167990
-140431
-692780
-573770
369910
-733342
-466910
443227
-688316
-237634
213779
460848
-113517
635936
-383685
-694162
704815
-700278
-263444
-735942
550319
945571
686146
281748
531018
-640278
-226225
476260
344789
80916
-576271
20015
578398
239907
-976254
-425391
-962705
98381
519433
663710
-654396
-852084
-521055
236140
719634
-531333
-973376
626727
-238181
514466
896929
510069
890737
-922382
-798549
106368
-320176
154579
-824848
96095
110159
165314
-420872
546146
-269797
210793
727501
-524884
-146942
179142
-978982
172571
384764
917520
441270
845980
-87878
639219
-489307
-275673
316039
-30410
982125
-127840
-898384
215934
-395914
-142902
836398
146817
149211
378186
-225501
291637
-746874
782925
-285172
453158
313218
26010
741970
886372
-919208
203363
730944
446741
322698
-885381
-830518
170961
-299776
146300
-783103
-614016
179043
587454
-208728
925844
-15278
-21608
-768369
-613422
-506228
483372
381444
-502062
-488224
112698
733753
807056
571387
-7008
938798
-334165
-780363
988054
33778
133827
-477229
-560433
-352715
345560
-908052
985495
570972
612851
669438
-313605
190047
-802595
-15311
-888996
867045
673522
668327
-665398
-664831
-165277
817592
78066
-772141
-683431
432362
-586320
467771
-742766
749655
-466515
236634
867821
-153559
574238
350304
790159
714227
-540936
712025
-184578
954360
480160
-903692
908519
582968
972967
885514
717612
-220828
853516
802902
542919
-714654
290297
763141
-607286
-307777
482478
-801645
798691
-195970
396922
431545
793029
177074
217181
-520623
-23868
-651911
-123861
123137
-475255
977464
906806
-187410
663892
-360024
-856969
-45268
754163
717932
83286
-331745
396051
907001
-725693
-751567
562777
-449354
353477
152376
-586286
-551413
78090
-792416
-792221
-821604
-499875
376994
471708
-649911
485845
-284923
636754
441642
-338985
91623
-697415
258286
-900222
736885
-440670
903846
246123
580672
-281671
938704
387791
996996
-91652
440205
822846
145984
397524
442479
750706
-228870
752574
-437500
403624
601402
477685
-908439
447398
135889
-941145
-573896
103659
-886795
991605
886789
-902014
-649594
570606
68178
465576
184561
593422
-601286
-512564
440668
517348
-263001
-324946
-509684
765131
750022
-10408
-155514
851398
-339823
242611
-879155
421110
36097
187295
-994724
422259
-327387
57191
-581246
793925
-730604
375107
782731
-703285
371755
-616499
-495155
125720
-180308
-291525
537183
157787
-494545
377307
-347780
-976708
-505014
-243737
-21415
295053
690544
530536
266342
882318
632110
-610697
-23804
780446
595741
-703932
429962
-212350
312498
-373515
284396
-671796
-177178
-640072
669513
329960
32625
936528
-490404
-575428
-317518
-897269
-748992
-19626
367942
217311
103662
-675750
-667047
-872435
-833236
-158568
-648701
316124
-840400
-299599
370512
-183034
357287
-402900
875084
-118691
784012
481906
-997715
-516452
-263448
19568
-998259
-673809
-69930
-743316
877782
-73378
802263
443144
-708955
-563775
-98060
-868518
-294330
411977
-94733
-208202
-873505
-341174
-948845
-502411
-925093
873927
-757620
-165220
479550
-777095
19389
244901
-693906
110083
692428
525132
-86800
595166
889263
-7882
-151166
318910
366226
-627290
-229993
972816
-298303
-979558
758594
-330042
-571603
360234
557401
901219
-817979
-119245
-596172
-78290
-197450
-398140
-689722
-230503
-105433
-702970
-536509
-710171
-976154
-354242
652441
875873
685215
-722095
466568
-738563
-538426
-929638
224723
66825
-772438
-785050
826625
942970
722908
183206
-603421
770291
458956
-786467
-113780
819887
737470
-909606
-134801
596971
226521
217982
775177
262563
-817204
-677282
-99755
-579096
-119993
599285
-498101
-629451
104032
-430754
-267106
-345273
-919947
-455956
317105
527653
-239289
-336353
745571
-255465
858674
-504413
-952473
-962082
-811169
426741
-975696
129396
-530684
-659731
611016
270236
903050
638037
593145
-86243
-452636
681804
328052
545279
-598662
249096
-40395
-697869
905333
321630
-810040
689074
99852
534618
-476405
-361476
-350833
771717
785934
-888386
700395
-891446
283866
-500110
-460657
631744
114908
-72630
-599276
475892
-319820
-30352
-916521
313914
-778500
-467228
340681
-343003
-292827
327238
-431844
375169
-130484
183802
323590
285147
433427
985835
-362671
-155332
610429
-863571
-345243
430454
98149
-516342
456285
-64036
-176786
106462
-8407
-176244
-723503
599740
-554780
-221180
-946458
-883344
-472841
-683676
203341
471226
-388944
230357
-294672
493430
-926775
-99184
616634
182041
43207
-313612
-728828
498904
591839
-413462
-751672
139383
-810703
-730053
-143635
683584
958962
-26859
623479
-354190
389600
-752696
-753533
216678
915568
468537
-705240
214443
-940466
-162319
-489120
-979819
-66340
-368862
-377541
694845
-790871
197979
-955322
-282385
-454102
159470
-519164
50003
-557684
5921
832833
994545
123691
-800665
-92760
-782420
-60078
-211790
-968333
-121327
726619
627203
-173407
-688897
250282
-404074
346645
180101
-519618
-20514
868308
-207039
-887498
449767
-116654
39724
593702
504585
-414865
-430181
907531
-728251
793420
386871
-3296
-530350
303778
-787917
-522588
710780
-212729
-862650
131907
-246910
-651788
458279
128502
-999856
-896302
-672718
742941
-897919
836579
435759
-244991
-397714
223021
533121
-779807
-312643
-602877
594694
-572973
354493
-967934
-538566
651729
209716
213141
343720
-638379
584012
-282148
785014
68987
-921581
-793757
-741252
360238
-669741
401919
93196
251099
118868
-585802
-961915
243522
-488122
-141997
-262530
702898
-994521
862721
207238
446325
95584
814168
858883
-491421
-428046
-529462
-244788
264804
908749
-956743
156285
-409254
384313
-215411
-479730
528511
-218578
612309
-751873
-508936
496018
507687
94279
-33321
775375
-542562
-819332
352809
-313939
-191693
342292
-4665
421188
-620603
-446247
-384802
-299819
-50868
-336978
-690894
664888
-102909
-886036
285691
190192
802309
-337025
113205
-815877
-858853
853757
540934
629829
-559397
988697
721924
710558
206836
-259395
573873
158038
-422415
315623
798697
-758995
-102583
442512
-888011
-342801
-748080
-851758
-86894
832363
818743
981169
-677237
-607331
-909532
-522979
-70956
-305527
-641691
271662
377766
-876956
-743580
-999629
510809
-750969
-129528
637793
-20141
-154426
-314592
840755
152600
160099
-7169
-321706
-294395
234665
58966
-446323
507891
-96854
360000
309808
86131
124452
682696
-702316
-151221
-455264
945263
934523
34130
-850733
-130632
923957
-757108
-42475
-227278
-948149
759823
371225
-574337
365755
-489822
129835
-810401
22947
457637
457549
-298444
59945
782253
-850306
-509896
-833343
976090
-732448
350550
744036
-258331
-200813
-162075
-282433
970239
927441
-415960
-323937
-451716
201044
384304
-890698
-411676
653532
47258
955540
-402190
234149
-795727
44169
872833
511948
621995
254492
855826
-981326
950143
96504
380709
-421633
844174
-300211
-312942
-689290
-400925
124337
533016
-670403
878987
-477200
-935362
-550115
732762
943899
-642236
587830
-435394
709752
-367148
169312
7595
220060
-950010
-337671
405524
468039
-123728
768049
-720255
-294780
-277936
-915696
-381963
129624
347638
914832
-85267
75754
-193966
-587720
-588022
727394
43771
-737581
-660158
-709511
218368
-455009
23912
922612
807509
314966
82474
503275
-918279
-292936
933849
780144
607653
-268785
914181
-898527
-330537
61344
91072
617168
-852894
843762
137500
-781003
-976671
970934
545931
-122200
-883492
-697045
-741994
-983098
-210506
-379793
-178210
719123
-745012
602202
260414
-999590
-849221
854398
529426
-673413
-133173
458633
412528
-999248
992958
202728
563189
646954
292538
649491
-139996
397178
-85241
287326
-293891
-293735
972314
16364
-467452
231053
811255
238047
892750
-166536
964753
824095
719777
-207827
-612488
-171243
-827651
-50509
-688385
-165089
777537
755845
-217580
27011
-375711
-403465
-352111
228433
-535434
85352
-230020
-604347
-868016
862753
17280
607149
701407
446298
-558810
-73114
-636754
271186
308154
967241
-159716
237918
235199
-332182
413392
641715
204566
222102
-483692
567302
723165
-655774
-288813
-189271
-274802
-474484
-641568
160992
402991
-598724
267304
240947
-48574
-174350
-173850
693149
-510051
-825693
-286991
-26330
730971
327646
-650749
81219
-514767
-629410
-49499
368448
-441613
-203274
-977585
555982
419189
-193275
-25588
-121145
880493
-451373
-268872
-979482
408199
908721
-243610
950134
985033
-882627
149824
160055
435732
738487
-270158
578483
-261128
63059
-293273
530009
-904357
-16805
192491
143533
41982
-549183
725214
622265
324589
189983
963657
859708
648439
707784
645861
-367777
765628
908398
858640
-439425
-62147
-856164
-815686
768636
135207
-494513
-319107
-139020
716832
942845
-709794
866277
218958
-41930
-504783
276976
-392497
-999123
-14536
149530
664443
489516
179840
-932678
841250
33550
-801981
493260
282549
-138106
-222280
-593262
-864244
-485774
-56919
553525
-327723
-24354
-362347
887633
942074
-225326
211922
682248
-557759
-471278
-762549
-41195
783940
-128386
-152063
823518
-604123
142876
534683
407348
-234922
-552618
-96685
522222
-183073
312153
709578
139070
205337
19696
-824641
758977
21515
848522
240462
393140
-149462
715037
-34807
-800658
25466
-285552
-207170
279996
155130
381741
1742
-474389
198968
642082
471763
620709
776465
-439928
818129
377933
54119
515459
388998
-576061
-502743
-463300
-629778
956389
180168
-218850
-511044
-894830
-227461
-104117
-352258
-541460
692229
-297205
-415801
-765555
-865430
-407528
-599282
-29217
355473
869339
871952
-748030
-337851
-784090
-337731
-633467
639284
722195
-146702
242529
137459
-402397
486121
356530
525782
529543
389205
917743
284623
-963042
333371
-270828
-950576
190743
154993
-562651
712096
11795
-625533
-779576
191881
-575212
379884
-399704
878470
599240
429800
-435585
499336
293156
271881
192742
-788211
-924777
-740077
-333241
565614
-770188
858745
-821279
-303274
-615497
705778
538304
-912487
282874
138246
406272
-51010
-296943
870120
-275131
478978
208088
319114
567639
-430789
628774
121741
139040
-300681
-422322
746978
632374
-107
-790148
659448
-876352
-488086
-191251
-871485
132273
201415
315299
-44956
414803
900315
-69532
-803740
-501712
486957
-318011
846744
215227
-346895
572729
-379408
-612091
-547951
-104789
991129
544949
-111023
-656836
-520509
-316271
731407
234351
596011
-569264
881119
-385015
-910866
610510
894183
298720
-235124
964304
-952864
824682
-498701
934887
260823
468755
-949150
-319786
54422
-941963
-493771
-456914
-632090
-500492
-652311
-326180
931774
752024
-738821
-433306
493145
-321623
-864544
247139
-889744
549685
-99878
-457965
-955712
-440980
-859081
-439776
-957020
666599
-212930
503919
-773207
726026
246387
417777
57205
721437
70269
80597
596219
-790887
-362632
268382
918558
290778
555724
312818
-150593
-29907
368132
-287412
570738
-179244
639909
359274
649688
894570
926070
419204
891275
314917
-35325
-580718
-375251
273264
381358
606868
329125
422529
-232708
297412
427341
-933912
-3675
203028
-677538
368116
-346736
733918
293488
291832
-587195
979629
269566
69264
647755
-932684
-278474
256364
-229840
-12097
181531
-430117
570866
412274
-15426
-165724
874683
-670573
-181598
-648516
716366
-148504
-320783
-526673
-666724
-15702
-34772
330317
372178
277345
551455
-421754
-271873
-388299
295479
546577
256041
-596469
280648
-223005
494556
35729
-850515
-975482
737767
-305406
-757860
825034
244166
-512453
570680
-791484
457903
-737316
710631
-108826
-763986
34763
-301663
59939
324108
-497358
3809
345081
156981
501360
694181
-590584
-759714
-762754
676839
355776
320785
-593073
-509319
-169264
-680535
986071
-349547
289097
-85116
-255659
-255946
-902747
279127
481948
-866611
-232912
840307
200868
-930099
-203561
293863
-807230
-183332
-189402
-172981
-74782
213787
628890
899967
493845
518874
-974881
19806
-554830
-278351
450839
26251
708719
624420
-364103
555545
763325
905133
981
922709
87222
925666
-597593
868517
26450
-493773
203832
-171426
-613384
982742
-232438
404384
981129
595658
-589979
861710
402910
482218
670317
-360620
988629
309685
-300501
635531
-511802
-727353
-709549
-779866
32763
-372242
666215
-602723
-460614
894875
338853
-332083
-760903
924913
-267162
794346
-177291
-989710
867575
199470
333842
960359
259067
386355
-864075
-347399
-817482
937178
28235
-787030
-615765
-90169
845920
378028
-185458
-636791
976129
944020
114140
-301236
-362496
-324852
-467123
-797790
-292412
892605
-33173
-230219
624208
-413913
-104128
-342457
-201340
-185080
30070
160096
409127
67513
454742
-832220
-703187
818756
-914679
-139238
679334
-782815
-374984
173324
-740195
767284
732182
-791126
156896
-859664
694746
345784
-170784
152077
-293255
146959
102502
748482
870353
-951000
-976766
224360
-383680
-599508
810625
672087
112907
657420
744729
185739
522456
-564085
-174550
-646383
310394
-795084
483924
-344530
-323167
-474343
900954
-768021
-645411
-939202
-813769
-215361
979389
304844
463335
565310
-946666
-938051
314768
92997
-114805
294963
742432
-64627
847054
827105
-544379
764373
374299
321192
-447088
689301
328074
-792818
820657
-296265
565352
-508805
-630089
97061
788167
689334
236667
876120
-260730
-266773
-462300
-93578
578965
-326720
-266755
592429
-28619
829879
431625
-269659
865225
-48727
-963222
-704004
-139559
-398508
-156392
845502
-401179
629520
785474
378166
899519
173583
-997255
660062
780460
-115465
-475050
830620
276821
-687587
-766641
-81770
250426
-9059
312370
-642273
56403
27910
-123689
-333617
-335918
-20249
-872829
-774497
272950
754572
-986106
445664
68423
177748
-411144
-139538
533099
-871570
-506053
916420
-813059
-951948
-430972
335240
-477198
-319620
311817
-860947
647427
175470
-916967
-136650
-240494
-77867
810441
749597
-557543
224052
-859732
-299095
-178423
-824313
53918
-1286
-406828
791802
24201
684695
554897
-465743
-94044
30169
-276776
98676
-49808
85009
150242
-118051
-536698
611361
-656413
881478
-522028
476749
138284
-497599
-483887
486404
393771
-189824
132361
601566
302404
715820
-409476
-558515
-3223
379418
158968
405855
-675776
228790
392655
377578
510714
97216
-467520
-712363
-744548
390490
563218
-444174
-880233
-759689
-23194
724033
-456898
-115612
777112
70482
216383
-935811
-493137
135102
-794118
-136102
-815450
82188
-748257
-256911
130329
525570
669620
861289
326798
-825730
733108
477380
786752
354728
-717170
-951028
568564
-11578
-842638
925706
181480
662332
398351
-772819
-754090
-603076
280153
-182473
674109
-14791
302559
-598516
-208827
-381528
-511470
151726
-382577
710437
491268
46612
-730923
-606340
-763048
125956
-324887
-192729
-419329
715874
-86977
59122
-913597
-162289
517781
-394814
-851104
-708748
530
-139167
-296414
-98365
872323
-393545
330241
261611
-798889
651162
673234
-987193
-925195
-383380
-950921
23782
247924
743227
-171204
404565
56869
948955
773810
-251064
6462
337388
-920046
-747386
-952336
269676
523277
-484691
25907
-866085
-898898
351965
-628374
-784615
482706
-431593
-276343
-128804
-593251
412327
-483005
582176
31290
-187190
-663880
429580
105666
-730345
306982
805702
-974432
961946
-187229
-127382
267718
536732
-824341
-187424
-937425
841683
757104
-372978
-585858
669725
545138
91615
-405954
548938
932226
-368734
-420250
879694
-581955
-21972
196448
-509089
-95981
-672717
-90535
-992069
273491
592631
-939713
138794
-678363
957243
-771358
980847
237806
663681
-599961
365896
-685694
-690388
-607756
-53182
-737728
631324
173331
-147202
38143
604781
874559
-610200
66779
747119
-496309
685717
703884
-977531
923921
786406
929956
-734436
-575689
-664179
391461
-938410
796188
-500553
-828120
196878
681702
-113285
-29011
133297
53204
324955
-707155
365563
-950566
729223
-436289
-355808
-912273
182805
389893
-757547
679258
329135
-45158
-594243
-776934
-548374
932388
-585757
94377
-961613
286188
-826967
-949671
-393518
731733
-859607
472097
-792555
883167
-268060
-61392
-647270
-112583
470816
676533
411130
-344259
141961
-343421
-369903
174241
540877
-742249
105767
-949106
73307
281323
-943158
-556221
626879
-967324
-173968
-487311
-744251
334371
-454763
-64630
270369
-158529
-713762
-289812
763652
-897056
-520118
-521686
-129356
814920
-893951
306430
-134087
-436172
987115
-828898
-153270
671567
757484
-327602
-831155
-81991
748921
-85334
-240416
898377
-270711
306329
413582
-325533
-372191
-717148
-25501
-93362
308666
-273365
439106
501116
-810872
-779518
335752
800831
88469
418076
-908939
-606346
-170895
-208872
205340
-998144
350542
-543590
337136
811631
890554
894245
889383
269775
540669
-981677
-325166
722766
-47966
451545
-694587
569873
265997
776396
156630
-49439
253381
545070
-56142
-725596
537934
629353
674926
521662
-607355
348012
-952379
107697
-221759
-316691
788903
-31938
274428
-511597
419140
-166806
-531087
434387
-479215
-687404
426297
-231675
-443301
-84114
-755255
199710
-954087
352198
538411
43549
371722
295093
287408
-607513
-497650
-928341
-584518
-341549
608111
-430699
-882041
-749910
-568320
382595
379694
149142
-682511
561355
261268
985683
378104
752720
-387559
-243468
-63953
282301
546768
287425
-653230
135814
-600366
-578842
272926
409239
-171166
-923462
731739
-368923
-626985
-863559
-884303
567156
-571443
-335660
226042
890463
-216009
767821
473259
-624124
-399224
-781210
424254
750171
222349
140238
-66423
827678
-350911
897946
-510879
-363500
362360
196987
528946
-789423
373240
-246876
78033
-269808
-912255
330281
456658
614887
-166978
711791
-115917
472768
499092
-859173
-727035
122178
206907
945924
393131
575432
527453
608138
505069
-530005
310881
-360465
83895
573422
-375035
-634233
106894
802283
-804929
-761171
-141403
-460640
878216
-173392
159181
-176385
-80812
852988
-924152
123776
591795
163525
-100050
520357
-202490
-939260
-696203
878126
-600679
840228
232530
774223
70392
-637257
654471
-170178
-136388
-787496
-639601
-44148
960288
-226368
439808
474862
-114763
-415180
196740
-635769
867357
119552
862929
196136
205634
-945468
-327781
452789
-140361
-293671
651174
233676
612758
-883217
-938504
-986708
-304109
-801479
392817
77372
-43753
-823900
754125
-544349
851065
-445643
686385
183977
-471105
-792314
363192
588340
240622
-199193
-426785
639871
394447
377863
-916355
888844
-923721
-147730
681456
-983997
-430772
654182
510677
-172435
-764032
961571
493969
630851
-101491
823588
-86860
-703558
-901099
708427
637152
-343819
-125815
731402
867118
-39446
-296591
802064
341758
118682
-950510
-728820
-824207
-773572
183179
974317
-610644
227872
-397496
56041
-182822
464804
625592
824875
473594
-790434
-734337
-861369
-233766
-570282
904957
-566397
-397767
699776
-305249
-2228
967067
790105
-542050
568590
216135
270857
-269560
-74245
164737
458814
880907
15583
-837010
466876
685329
-728573
-536769
422481
663697
-624980
90313
-431891
926773
742650
-930636
373093
-195575
-115896
367086
668318
-47479
-264098
641487
-274755
886334
-370563
-2343
187861
-42086
595870
-751225
247837
781570
558498
-628630
626762
-617421
304423
263312
-433864
187235
863497
-290187
698541
377399
836644
-164676
26313
969536
776354
-127936
193352
558757
13263
-538246
370022
204819
884440
-202095
-437888
-812797
-398954
137290
141824
-228163
-365592
-853540
-411619
-431589
277054
201851
-177300
-19417
252915
725044
595996
-984489
-134130
-932189
399247
-127722
-369981
-755342
-850050
-727081
-402058
-225963
678446
815530
52093
-72164
673559
26081
264179
-374373
257437
245838
-815274
-361714
991738
862116
-863033
-783979
258529
-907537
-170915
-836773
87777
382476
665598
327417
-201432
427077
-26701
139409
185420
-329017
-246254
276153
-811620
147359
284380
-371200
-167186
452714
-947411
867498
-223009
75923
1985
24050
613935
431854
-838755
808910
-928588
-926989
-521217
222509
-694716
-688349
-10518
952621
-840661
334041
-877306
-427943
-638148
149391
-141426
719918
762707
30611
865136
-386656
-887080
-218595
505675
-493503
529310
442641
-559637
-335914
782023
-31398
-604087
-886693
-908791
774179
999013
-846811
158921
-592540
-191902
477503
258449
800941
-787482
-111193
739830
-239160
-908400
-935327
26470
371156
-208602
604238
-533765
-398884
574584
311846
493402
459383
-402714
594545
460213
964081
241538
-918137
-966002
-370889
221908
-680550
-643360
-598163
-218168
44521
959261
-268066
928085
563411
-791188
540739
718290
-723353
-163468
-719068
-917909
-507032
234107
374386
815467
-595723
177989
-395860
-285129
-195127
292999
429740
153679
-798185
-572448
-579
609462
-127126
469453
276831
428322
-316742
960236
723677
640390
-568471
-636456
-435419
899798
152349
-251976
-528282
-55771
606140
-401434
625006
969669
755281
-288130
-978176
-879386
16560
590814
-833563
-632263
-424011
-346083
567712
-632005
-265136
706797
-192946
807703
-965411
-41320
-283215
-36149
-225226
-872648
-291020
-460124
857859
467483
-280997
-984398
-38372
-761547
507917
-888259
-581303
703388
241680
763166
620587
-713309
-854341
-42345
-11963
50851
-471578
-341654
-701647
-12771
448056
900069
861304
-720673
-652746
-524296
-783538
397515
171798
851825
310594
511776
-21568
-773343
111903
995236
694398
-818405
341141
605440
-745838
-744287
-694429
-762839
310579
311355
865537
111482
870906
510874
475630
215724
568381
340202
428187
-474864
-748830
608081
-616428
-165974
-321829
874726
650650
815846
261115
-137343
257601
659220
-95724
-771042
-71139
-226743
-600640
780400
896198
-257547
-821652
4672
554792
-512635
420542
100528
-379188
189104
-911762
573748
-974193
-977920
732504
-28187
778339
517001
-656106
-524723
-496822
310828
-165450
4467
-290070
409958
-737173
193137
-721031
-436015
254057
569954
-308676
-114772
-278573
-963927
899512
-263637
476639
714373
-967499
285203
-247536
-263831
-658916
158446
409162
203450
559710
38158
694675
-112102
-504170
782758
406171
-294995
-339494
955482
789087
-66475
-60693
-477868
908423
-223403
864015
-992610
465565
-351379
130378
-891641
460263
294246
-338880
-455163
-47889
-806941
-40750
215670
-380401
-730795
366844
483444
210983
704084
-128095
720413
-767935
-708791
-772854
-360724
-883767
-906738
892185
-318199
921384
812169
-105995
-76387
-222438
158532
555091
-265720
-167655
12968
-201522
61582
801382
-292038
-602414
614425
-603730
-384071
216342
907666
711224
-409643
-795392
229017
931131
758038
-13196
465324
460555
-333208
318097
-123635
-983385
346556
-578597
230618
601238
968317
971272
803181
-781604
-240517
-386178
12421
711580
-984725
518841
-432110
740463
-486337
-434145
178527
55199
-347194
995977
-660853
158121
-126779
125512
-167001
757208
914887
-702905
586132
-481805
786898
687691
315023
140048
-617890
-254007
-478658
968185
974491
-307566
204690
-369826
-334078
-422435
-63736
288512
703324
194730
-582593
-716058
954489
-86939
529735
-158559
518406
-872413
-571519
-442918
-123568
-361324
210511
522370
-581551
-912240
543264
944919
615672
-351710
796991
-690151
821964
762821
713493
-482879
885739
-924087
265002
-52854
-202088
-817338
744672
-667562
-202357
881895
-750339
-538653
40240
613523
115456
-397073
36666
-841078
-90617
-62124
-979238
-672445
-807801
195746
795327
-263958
25725
-500828
-72497
-281037
974976
-960661
-257829
-403062
-551683
912496
-318619
-494811
756606
806207
267936
852963
790209
-150033
737517
-3702
642982
-708454
-617296
-265425
-567170
282347
97970
-244643
-50583
-919716
-32543
-43397
-873855
-17249
-340153
316820
-854677
580030
-109098
367805
-171218
-709882
-378598
920335
-95279
-67847
-357496
430464
145146
614230
100879
270489
954671
-315617
508276
685598
-540684
53475
-960183
-683247
324475
447727
503134
-235461
-204572
993838
-916519
-161640
-290446
-421402
-152442
-772646
612996
70505
602801
528359
-182070
-531347
576318
-905622
410533
789137
-999837
264209
-867441
888490
960045
790772
645609
900081
-711465
129277
-953636
952993
655158
261760
-472816
658642
-503281
-974559
-634603
215244
-704590
-744083
-581427
600835
-622441
-367340
-103558
825577
492472
17188
967586
-283034
445339
-650001
-525291
475331
-697913
682502
-330626
132907
308872
518297
-784222
90093
690625
-416294
-738225
262595
631055
-34723
-82445
-511560
-838601
37307
-903725
-712129
168197
666002
56535
920359
437159
-528193
476930
-907483
-991636
-311678
-535590
894
589359
-260585
512214
753423
598295
652815
30741
-615204
-460389
181498
-412326
-104594
898440
401988
393817
351305
-351519
916881
673223
489295
285494
139011
-821702
-156662
573329
421580
111252
778881
373994
770263
-32056
-766502
727264
964973
218750
-134609
693535
-887671
862415
434435
-209524
-671889
-655037
839118
688487
769624
-467057
-87452
847404
-3969
-537211
-843530
643406
-861227
-793032
580037
656456
-911334
299276
18846
-975466
-935324
782729
231185
522274
-618784
-897747
578095
815661
704829
214969
-785268
2758
-37784
601266
907755
-895765
-211248
-829461
-358026
-973058
-602557
173524
357164
594123
-43708
-421965
-524577
751024
-991479
758416
-450566
-277907
103907
385684
-757518
-451829
151862
145081
866541
-103338
-622403
-180778
-78913
548749
-241117
307827
-566710
-547656
-186397
-92173
332164
-271654
-698096
822421
534402
949567
-253894
1887
-220873
200164
-364277
920191
20268
-850718
509473
403917
-765869
-940089
-922391
-911235
918992
188872
512257
538305
-867367
-172273
383562
112192
758302
-577131
-751607
991450
-153198
431583
605238
-418283
913272
765204
623903
386321
-165671
242386
-715586
-684260
-88215
232417
660953
-842469
-76390
818500
352343
-444482
279562
-167666
-686332
951024
652746
-324911
887007
-497285
513416
22153
393555
696616
-213494
155698
-357388
41278
747357
423300
888153
-39450
525315
188915
741979
836882
-373107
-304751
-371495
-630972
-996191
350414
-975538
626163
515830
-843010
133668
-521421
506822
-4984
780726
-694607
669552
205442
135278
225568
752668
542413
-698751
-491141
930307
455983
-606431
713647
490457
-934284
527888
-57500
-602367
48057
673716
-846460
-538099
-664651
-936456
-113969
667464
631753
878253
592988
-719538
-65076
243996
-393431
329062
892003
-739350
529396
608272
-749549
211228
-624437
700219
738104
-38666
-753177
-284557
446899
476282
623540
-824722
-581588
-123070
-611357
385595
-874865
-303575
-893383
-158978
917082
-29905
-144225
182009
744070
-283675
230245
-595842
43730
375506
-496791
-531691
425018
-692295
-380455
-264797
-955592
-926621
99017
-986122
406850
235141
878812
700591
739833
293921
-189904
484287
-942569
929091
703164
532479
473737
378590
894976
-600702
107954
929978
-591532
209244
-41703
-9975
561449
914828
-405384
922914
246978
-553412
712199
961846
-868160
27640
488831
826771
257772
-841206
28065
687882
629743
-307249
-725427
-364153
665586
-915472
-510152
326455
911794
857789
851090
-42757
718468
294956
-285188
-677765
651712
187309
426309
235609
-670234
494598
-699251
546603
124418
169634
217935
471475
-292765
-456814
-977050
-712590
444003
-336062
-663135
825539
216140
914969
304966
-592430
290613
-404638
-296903
527548
979981
571417
-392088
-810776
-83317
-835044
-778533
687353
-586196
-451685
-167701
364540
621658
-983244
673957
285182
497132
98772
884037
-741177
650728
839930
-55778
384423
507167
-178505
-318584
506216
-578469
936043
-523889
641492
-836654
447328
834051
463881
902264
55776
-611895
845140
612136
553201
929315
950719
-741274
566015
-758333
-268313
124853
233412
-792645
119236
389425
-37522
571677
980315
-555383
606903
946627
501801
141099
789175
-431371
-102541
62621
-750396
-417035
-471064
-510434
-354952
-171429
995223
97053
-586367
293950
-27736
-666168
-466212
789994
559189
490515
-849262
-946184
-619115
494509
-702642
-423277
705604
949629
698562
-691721
-543640
297951
-549919
-828027
-506569
-604985
449632
-543954
-763201
161224
807375
349615
14188
931492
415407
-308697
683758
-278228
531457
637875
-112374
-806949
816627
812409
-642526
-454541
556903
968009
752519
-199064
419479
568941
234553
-455537
144725
272584
369501
-693010
-996739
-125394
-642558
-487458
-641575
-121469
-51854
351007
97483
-968365
-645158
-539925
478174
-758740
-522645
-254560
-539589
-116392
-238058
-972035
791297
-478746
563564
-326669
290204
62065
785623
480685
74743
-670207
742033
419416
2542
928622
-744074
-450251
-488389
112434
-537967
-808963
510355
802156
506438
-13448
52593
-552450
333726
-117620
38268
-605282
863808
-269164
153386
718081
92718
-224210
128110
-495244
-957072
-380142
-69665
-482110
69616
-905671
500146
201693
-425898
115260
948287
-443111
-786046
-215095
-967674
-49709
253353
264169
600554
-434245
301100
-537581
209526
659729
-191527
264692
945472
521791
822949
970278
420058
-188533
-426630
-733566
-118119
-966040
748236
-389183
929018
335228
581123
788626
-55365
-852900
878093
-215390
-299844
-36531
-77337
-230475
-101125
-811453
-980652
-127882
14502
29299
-935188
101693
156655
-976539
278228
790015
703358
-678076
735345
869552
-224705
682581
-810595
-757482
-825528
237608
858137
392348
-57487
523593
104418
-380265
-843671
995523
-2637
-825839
100075
-179703
153374
-611731
-750469
675963
-700497
373303
340467
696514
-742591
-163824
586744
462694
480718
261592
458271
140838
-480292
600023
300695
-390348
264139
689567
26726
431521
-442481
24994
773530
-73978
20512
319660
-589237
-373913
603747
-576307
788700
-680124
-945549
-784067
798901
736087
-611372
237670
520301
192473
13943
-643545
103830
273126
-374768
-518498
-533730
-754364
-655271
-925317
-390766
104283
965366
-476877
-597485
-615882
901298
-180530
-538000
207250
-102553
12209
355950
-44646
-569419
-767377
-195993
-360683
-297939
-588973
28042
-60707
-569282
-334976
-542581
-7815
-21115
205715
-494932
75402
80553
129966
230805
-383885
454993
229382
527585
89576
-416951
-911666
-112
-69146
-339165
-420741
258892
-611695
-736418
806042
-122370
-882989
-640590
408420
7632
-918194
-234829
-794386
335266
589012
-889704
-240799
355082
-852896
-462144
-91385
540116
-630428
-769662
182295
-714477
65051
-71757
-853793
-962347
945614
-159895
55481
615618
-867402
335029
430995
955270
-961951
600388
408625
328645
-611173
-542151
752179
785179
9551
258621
-80017
81823
551519
-615625
